{
"metadata": {
    "version": {
        "essentia": "2.1-beta6-dev",
        "essentia_git_sha": "v2.1_beta5-1177-g1d1cc983",
        "extractor": "music 2.0"
    },
    "audio_properties": {
        "analysis": {
            "equal_loudness": 0,
            "length": 121.159980774,
            "sample_rate": 44100,
            "start_time": 0,
            "downmix": "mix"
        },
        "bit_rate": 1536000,
        "length": 121.160003662,
        "lossless": 1,
        "number_channels": 2,
        "replay_gain": -13.5421123505,
        "sample_rate": 48000,
        "codec": "pcm_s16le",
        "md5_encoded": "c9bab66973483f610ff9f7de643f91c0"
    },
    "tags": {
        "file_name": "BigXthaPlug, Tommy Newport - Comes & Goes (feat. Tommy Newport).wav",
        "album": ["TAKE CARE (DELUXE)"],
        "artist": ["BigXthaPlug", "Tommy Newport"],
        "audiosourcewebpage": [""],
        "composer": ["BigXthaPlug under exclusive license to UnitedMasters LLC"],
        "copyright": ["2025 BigXthaPlug under exclusive license to UnitedMasters LLC"],
        "date": ["2025-01-24"],
        "genre": ["southern hip hop"],
        "isrc": ["QZJG52565640"],
        "title": ["Comes & Goes (feat. Tommy Newport)"],
        "tracknumber": ["18\/18"]
    }
},
"lowlevel": {
    "average_loudness": 0.644630253315,
    "barkbands_crest": {
        "mean": 13.7162380219,
        "stdev": 6.51100444794
    },
    "barkbands_flatness_db": {
        "mean": 0.16990698874,
        "stdev": 0.0704274848104
    },
    "barkbands_kurtosis": {
        "mean": 14.6281118393,
        "stdev": 33.3274345398
    },
    "barkbands_skewness": {
        "mean": 2.52196073532,
        "stdev": 2.59939074516
    },
    "barkbands_spread": {
        "mean": 20.6311302185,
        "stdev": 13.854809761
    },
    "dissonance": {
        "mean": 0.465633332729,
        "stdev": 0.0236335583031
    },
    "dynamic_complexity": 5.18517780304,
    "erbbands_crest": {
        "mean": 8.29612159729,
        "stdev": 3.81173443794
    },
    "erbbands_flatness_db": {
        "mean": 0.152427002788,
        "stdev": 0.0447011291981
    },
    "erbbands_kurtosis": {
        "mean": 0.120208874345,
        "stdev": 1.61365234852
    },
    "erbbands_skewness": {
        "mean": 0.00138089421671,
        "stdev": 0.698351860046
    },
    "erbbands_spread": {
        "mean": 45.1543312073,
        "stdev": 25.6872692108
    },
    "hfc": {
        "mean": 21.380947113,
        "stdev": 27.2465877533
    },
    "loudness_ebu128": {
        "integrated": -9.63128662109,
        "loudness_range": 8.62752056122,
        "momentary": {
            "mean": -14.4461555481,
            "stdev": 23.6479282379
        },
        "short_term": {
            "mean": -11.8384304047,
            "stdev": 5.91894054413
        }
    },
    "melbands_crest": {
        "mean": 21.2812290192,
        "stdev": 10.6303653717
    },
    "melbands_flatness_db": {
        "mean": 0.226765528321,
        "stdev": 0.0985575690866
    },
    "melbands_kurtosis": {
        "mean": 51.9284172058,
        "stdev": 99.0274124146
    },
    "melbands_skewness": {
        "mean": 4.6100435257,
        "stdev": 4.3954577446
    },
    "melbands_spread": {
        "mean": 22.5986728668,
        "stdev": 22.7234153748
    },
    "pitch_salience": {
        "mean": 0.400627106428,
        "stdev": 0.193553879857
    },
    "silence_rate_20dB": {
        "mean": 1,
        "stdev": 0
    },
    "silence_rate_30dB": {
        "mean": 0.75646674633,
        "stdev": 0.429220527411
    },
    "silence_rate_60dB": {
        "mean": 0.14121478796,
        "stdev": 0.348242163658
    },
    "spectral_centroid": {
        "mean": 1774.95959473,
        "stdev": 1120.53942871
    },
    "spectral_complexity": {
        "mean": 15.7719869614,
        "stdev": 10.6301088333
    },
    "spectral_decrease": {
        "mean": -1.30566393253e-08,
        "stdev": 1.53190402585e-08
    },
    "spectral_energy": {
        "mean": 0.0512179918587,
        "stdev": 0.0592112243176
    },
    "spectral_energyband_high": {
        "mean": 0.00133564032149,
        "stdev": 0.00235607707873
    },
    "spectral_energyband_low": {
        "mean": 0.0396919511259,
        "stdev": 0.0526972562075
    },
    "spectral_energyband_middle_high": {
        "mean": 0.00444146059453,
        "stdev": 0.00638096965849
    },
    "spectral_energyband_middle_low": {
        "mean": 0.00595603557304,
        "stdev": 0.00868832599372
    },
    "spectral_entropy": {
        "mean": 7.70777606964,
        "stdev": 0.452546328306
    },
    "spectral_flux": {
        "mean": 0.0742806270719,
        "stdev": 0.0712421387434
    },
    "spectral_kurtosis": {
        "mean": 3.09699892998,
        "stdev": 3.13600945473
    },
    "spectral_rms": {
        "mean": 0.0057227127254,
        "stdev": 0.00414960784838
    },
    "spectral_rolloff": {
        "mean": 1415.76293945,
        "stdev": 2184.65844727
    },
    "spectral_skewness": {
        "mean": 1.21680772305,
        "stdev": 0.471280813217
    },
    "spectral_spread": {
        "mean": 5121270,
        "stdev": 3812172.75
    },
    "spectral_strongpeak": {
        "mean": 0.6291629076,
        "stdev": 0.651113510132
    },
    "zerocrossingrate": {
        "mean": 0.055374968797,
        "stdev": 0.0576069131494
    },
    "barkbands": {
        "mean": [0.00464614247903, 0.0335190631449, 0.0014390522847, 0.00052214768948, 0.00133932859171, 0.000637539196759, 0.00185368757229, 0.000395070033846, 0.00100536516402, 0.000510633923113, 0.000543994421605, 0.000608525006101, 0.000588219962083, 0.00042409033631, 0.000335579563398, 0.000476610672195, 0.000263165245997, 0.000351176102413, 0.000313441734761, 0.000239531364059, 0.000257644423982, 0.000249600241659, 0.000337825535098, 0.000235368570429, 9.3046699476e-05, 3.03573287965e-05, 1.68577992099e-06],
        "stdev": [0.00912700686604, 0.0460873804986, 0.00498873088509, 0.00159754883498, 0.00227516097948, 0.00185761344619, 0.00510964961722, 0.00100108794868, 0.00239683990367, 0.00142904918175, 0.00151743739843, 0.00156599888578, 0.0014501742553, 0.00102238671388, 0.000842236098833, 0.000989559222944, 0.000507315678988, 0.000782181567047, 0.000624366744887, 0.000418314244598, 0.000418355339207, 0.000501529371832, 0.000734829925932, 0.000550571130589, 0.00024104838667, 7.84848380135e-05, 5.48614616491e-06]
    },
    "erbbands": {
        "mean": [1.74725329876, 4.34506464005, 2.39695477486, 1.68566286564, 2.90225720406, 5.36769628525, 3.46544075012, 6.53426837921, 21.3934631348, 21.1319389343, 11.3247423172, 25.3212833405, 17.4678115845, 21.8161830902, 18.4782352448, 26.6320152283, 27.4417533875, 24.0108089447, 17.3838176727, 22.1614456177, 23.5926094055, 15.6417551041, 19.3697357178, 19.1096401215, 12.9544410706, 11.2640180588, 11.057844162, 9.21391296387, 8.87088489532, 9.15641880035, 9.50092697144, 6.66578483582, 2.96161389351, 1.32481396198, 0.528060376644, 0.185484185815, 0.0480053573847, 0.0055413977243, 0.000356084259693, 7.41378171369e-05],
        "stdev": [2.51008224487, 6.78418302536, 6.75447177887, 5.38296556473, 5.68704986572, 10.0165805817, 6.43536329269, 20.2239151001, 66.0955810547, 64.4272766113, 21.034910202, 65.7697143555, 42.4950752258, 62.4593925476, 41.3963546753, 67.4187850952, 66.0196838379, 52.5918655396, 40.5909042358, 50.3159217834, 49.1182670593, 30.2594032288, 42.9721565247, 37.424697876, 23.5697917938, 20.2679767609, 18.2830505371, 15.7923498154, 17.1822280884, 19.5159492493, 20.9333057404, 15.1311216354, 7.42950868607, 3.41113758087, 1.40256404877, 0.478535950184, 0.125134289265, 0.0155491307378, 0.00100031704642, 9.04318294488e-05]
    },
    "gfcc": {
        "mean": [-45.9259376526, 82.4282608032, -124.4164505, 40.4337654114, -59.8904190063, 20.0168094635, -26.0087337494, 10.4485826492, -14.7900590897, 3.43763852119, -9.04256534576, 2.8074157238, -6.46993637085],
        "cov": [[28421.6113281, -477.422637939, -835.838806152, 1013.27453613, -681.908752441, 824.126586914, -602.302429199, 558.662597656, -4.94788074493, 604.783996582, -54.3624610901, 397.961212158, -224.494873047], [-477.422637939, 1491.05151367, -212.298126221, 34.2740974426, 292.615386963, -72.7290039062, 368.408325195, -0.928744971752, 130.152114868, -126.109527588, 80.3804550171, -180.408630371, 63.0824623108], [-835.838806152, -212.298126221, 1689.59875488, 549.047119141, 442.357421875, 610.337463379, 280.180480957, 305.257629395, 360.824859619, 177.539459229, 244.531326294, 190.160812378, 126.241378784], [1013.27453613, 34.2740974426, 549.047119141, 585.594970703, 254.129333496, 323.797729492, 176.174285889, 161.249847412, 210.149200439, 105.922409058, 134.559753418, 55.0585594177, 87.4752120972], [-681.908752441, 292.615386963, 442.357421875, 254.129333496, 536.094116211, 212.668640137, 278.402801514, 137.79876709, 198.010559082, 101.078681946, 117.4582901, 28.736207962, 78.1551971436], [824.126586914, -72.7290039062, 610.337463379, 323.797729492, 212.668640137, 477.787567139, 238.829742432, 213.767242432, 202.606079102, 104.52305603, 141.084457397, 81.15625, 48.0512809753], [-602.302429199, 368.408325195, 280.180480957, 176.174285889, 278.402801514, 238.829742432, 482.388702393, 187.048812866, 176.076843262, 24.8656311035, 123.648727417, -9.29101467133, 75.1306838989], [558.662597656, -0.928744971752, 305.257629395, 161.249847412, 137.79876709, 213.767242432, 187.048812866, 229.775482178, 144.011886597, 85.8576889038, 88.2612686157, 69.1265487671, 47.2081718445], [-4.94788074493, 130.152114868, 360.824859619, 210.149200439, 198.010559082, 202.606079102, 176.076843262, 144.011886597, 258.534454346, 112.019104004, 131.434310913, 38.4788627625, 65.6295394897], [604.783996582, -126.109527588, 177.539459229, 105.922409058, 101.078681946, 104.52305603, 24.8656311035, 85.8576889038, 112.019104004, 173.837738037, 76.7674560547, 60.780292511, 8.40103054047], [-54.3624610901, 80.3804550171, 244.531326294, 134.559753418, 117.4582901, 141.084457397, 123.648727417, 88.2612686157, 131.434310913, 76.7674560547, 171.942047119, 52.6708106995, 47.9544639587], [397.961212158, -180.408630371, 190.160812378, 55.0585594177, 28.736207962, 81.15625, -9.29101467133, 69.1265487671, 38.4788627625, 60.780292511, 52.6708106995, 138.33895874, 45.0035820007], [-224.494873047, 63.0824623108, 126.241378784, 87.4752120972, 78.1551971436, 48.0512809753, 75.1306838989, 47.2081718445, 65.6295394897, 8.40103054047, 47.9544639587, 45.0035820007, 111.557609558]],
        "icov": [[8.5087842308e-05, -0.000165248740814, 0.000167306236108, -0.000238909284235, 0.000193216314074, -0.000346091546817, 0.000237893022131, -0.00026463175891, 0.000206957367482, -0.000383263512049, 0.000234268110944, -0.000315014534863, 0.000161644056789], [-0.000165248740814, 0.00179403298534, -3.96673885916e-06, 0.000432040018495, -0.00112064334098, 0.00131735426839, -0.00109058711678, 0.000575884710997, -0.00144020630978, 0.00228168116882, -0.00140632223338, 0.00181991455611, -0.000427039864007], [0.000167306236108, -3.96673885916e-06, 0.00180836115032, -0.000758309906814, -0.000333537900588, -0.0017299305182, 0.000774492276832, -0.000530743564013, -0.00053661968559, 0.000183149808436, 7.50744875404e-05, -0.00135404593311, 0.000384819577448], [-0.000238909284235, 0.000432040018495, -0.000758309906814, 0.00406650034711, -0.00106145092286, -0.000650391390081, -5.36500328963e-06, 0.00056736957049, -0.00100762967486, 0.000622879713774, -0.000950547400862, 0.00205890322104, -0.00214440678246], [0.000193216314074, -0.00112064334098, -0.000333537900588, -0.00106145092286, 0.00443069636822, -0.000630293274298, -0.000982243800536, 0.000163502249052, 0.000405318889534, -0.00318119092844, 0.00149740837514, -0.00104532111436, -0.000228863311349], [-0.000346091546817, 0.00131735426839, -0.0017299305182, -0.000650391390081, -0.000630293274298, 0.00813025329262, -0.00271861976944, -0.000909258029424, -0.0018262284575, 0.00233759521507, -0.00187436654232, 0.000649932771921, 0.00162340584211], [0.000237893022131, -0.00109058711678, 0.000774492276832, -5.36500328963e-06, -0.000982243800536, -0.00271861976944, 0.00650079222396, -0.00420258566737, 0.000596820667852, 0.000517311797012, -0.000968802138232, 0.00149834284093, -0.00109540158883], [-0.00026463175891, 0.000575884710997, -0.000530743564013, 0.00056736957049, 0.000163502249052, -0.000909258029424, -0.00420258566737, 0.0122514823452, -0.00301795708947, -0.000910291448236, 0.000995950307697, -0.00297537492588, -0.000163353761309], [0.000206957367482, -0.00144020630978, -0.00053661968559, -0.00100762967486, 0.000405318889534, -0.0018262284575, 0.000596820667852, -0.00301795708947, 0.0128328828141, -0.00624593673274, -0.00222486560233, 0.00219953386113, -0.00300411740318], [-0.000383263512049, 0.00228168116882, 0.000183149808436, 0.000622879713774, -0.00318119092844, 0.00233759521507, 0.000517311797012, -0.000910291448236, -0.00624593673274, 0.0150243388489, -0.00411244016141, -0.000984598649666, 0.00320951058529], [0.000234268110944, -0.00140632223338, 7.50744875404e-05, -0.000950547400862, 0.00149740837514, -0.00187436654232, -0.000968802138232, 0.000995950307697, -0.00222486560233, -0.00411244016141, 0.0128261270002, -0.00439825002104, -0.000204235780984], [-0.000315014534863, 0.00181991455611, -0.00135404593311, 0.00205890322104, -0.00104532111436, 0.000649932771921, 0.00149834284093, -0.00297537492588, 0.00219953386113, -0.000984598649666, -0.00439825002104, 0.0167935695499, -0.00714671378955], [0.000161644056789, -0.000427039864007, 0.000384819577448, -0.00214440678246, -0.000228863311349, 0.00162340584211, -0.00109540158883, -0.000163353761309, -0.00300411740318, 0.00320951058529, -0.000204235780984, -0.00714671378955, 0.0155411781743]]
    },
    "melbands": {
        "mean": [0.0119068706408, 0.00246400898322, 0.000319625018165, 0.000309491151711, 0.000145430094562, 0.000148212318891, 0.000351860158844, 0.000194086154806, 9.68285967247e-05, 0.000160665425938, 8.16917381599e-05, 8.41779037728e-05, 6.35606993455e-05, 6.72315582051e-05, 6.323857815e-05, 5.95058481849e-05, 4.30881664215e-05, 2.74469621218e-05, 2.71817225439e-05, 3.48085377482e-05, 2.46190447797e-05, 1.5083874132e-05, 1.70812727447e-05, 1.66708468896e-05, 1.57765443873e-05, 9.80223558145e-06, 8.27111307444e-06, 7.3873711699e-06, 6.64131948724e-06, 6.7080595727e-06, 4.86334693051e-06, 4.74213902635e-06, 5.23080825587e-06, 5.29586532139e-06, 5.46825640413e-06, 5.4441170505e-06, 3.51031849277e-06, 2.2072235879e-06, 1.4323910591e-06, 9.93256094262e-07],
        "stdev": [0.0165501050651, 0.00455508101732, 0.000907360634301, 0.000532095786184, 0.000261863635387, 0.000471812003525, 0.00100563641172, 0.000585309287999, 0.000187506244401, 0.000416755123297, 0.000213577994145, 0.000248584459769, 0.000167709833477, 0.00018217851175, 0.00015385725419, 0.000153990346007, 0.00010003044008, 7.13335830369e-05, 6.68520442559e-05, 7.21968608559e-05, 5.29053795617e-05, 2.91592859867e-05, 3.88145890611e-05, 3.91396570194e-05, 3.17660014844e-05, 2.03708405024e-05, 1.42176722875e-05, 1.4085921066e-05, 1.14227959784e-05, 1.1274298231e-05, 8.78950504557e-06, 9.2726722869e-06, 1.15243083201e-05, 1.14199710879e-05, 1.21905814012e-05, 1.2538923329e-05, 8.1326415966e-06, 5.6140779634e-06, 3.90827381125e-06, 2.56521752817e-06]
    },
    "melbands128": {
        "mean": [0.00445494987071, 0.0171046033502, 0.0134592624381, 0.00518925813958, 0.00148665171582, 0.000604330562055, 0.000321097031701, 0.000250887940638, 0.000273448822554, 0.000354304123903, 0.000327394605847, 0.000175112319994, 0.000101681274828, 9.2626636615e-05, 0.000124719226733, 0.000170313112903, 0.000277584244031, 0.000397223571781, 0.000456485111499, 0.000221992304432, 7.21085380064e-05, 6.2796556449e-05, 0.000100726778328, 0.00012093091209, 0.000187940313481, 0.000187149969861, 7.68613172113e-05, 9.35341377044e-05, 5.14247331012e-05, 6.21496437816e-05, 0.000114762937301, 9.38581943046e-05, 4.69057740702e-05, 5.68910472794e-05, 5.16148284078e-05, 8.00439884188e-05, 7.57593588787e-05, 6.40735233901e-05, 5.13371232955e-05, 6.32147493889e-05, 7.05082493369e-05, 3.79760203941e-05, 4.69441401947e-05, 4.28547100455e-05, 3.26719782606e-05, 2.36440519075e-05, 2.19329886022e-05, 2.93226021313e-05, 2.80994736386e-05, 2.66646020464e-05, 3.90021123167e-05, 4.01153774874e-05, 2.78746392723e-05, 1.86039505934e-05, 1.46531747305e-05, 1.3410608517e-05, 1.73369717231e-05, 1.48760054799e-05, 1.76941230166e-05, 2.03249473998e-05, 1.57319173013e-05, 1.38904479172e-05, 1.86536508409e-05, 1.69034919963e-05, 1.08874155558e-05, 9.20552247408e-06, 9.13265557756e-06, 9.07931735128e-06, 8.29351483844e-06, 6.98708436175e-06, 7.09317191649e-06, 8.17400814412e-06, 6.32371620668e-06, 6.12681424172e-06, 7.16116301192e-06, 7.60968259783e-06, 6.25813572697e-06, 4.92063327329e-06, 4.98328154208e-06, 4.36295249528e-06, 4.22094717578e-06, 5.28416467205e-06, 5.1136021284e-06, 5.70828206037e-06, 4.9268787734e-06, 3.86999727198e-06, 5.7852239479e-06, 7.45957731851e-06, 4.15992008129e-06, 4.82184259454e-06, 7.32301850803e-06, 4.45695195594e-06, 4.88220439365e-06, 3.73765783479e-06, 2.59583475781e-06, 2.40360532189e-06, 2.26605425269e-06, 1.64582593243e-06, 1.47759499214e-06, 1.28729516291e-06, 1.20179652185e-06, 9.13093685995e-07, 7.94800030235e-07, 6.11089205904e-07, 5.85697534916e-07, 5.65429616017e-07, 4.24941703159e-07, 3.26420177998e-07, 3.17031208397e-07, 2.68630458322e-07, 2.33241721048e-07, 1.82053895514e-07, 1.44182209283e-07, 9.85373631579e-08, 7.44787627127e-08, 5.51338814603e-08, 2.4173203883e-08, 1.3294249257e-08, 1.05224895464e-08, 8.54918358328e-09, 6.07894001803e-09, 4.33177582693e-09, 3.31064375914e-09, 2.40382624916e-09, 1.42280209836e-09, 1.55785467859e-10, 8.59355121785e-12, 5.80528377106e-12],
        "stdev": [0.00850987713784, 0.0253772623837, 0.0196662507951, 0.0094080157578, 0.00448948470876, 0.00213268585503, 0.00113339698873, 0.000718434574082, 0.000596131721977, 0.000687332125381, 0.000698684481904, 0.000401629338739, 0.000231138037634, 0.000213168314076, 0.000403709389502, 0.000741705531254, 0.00122314598411, 0.00129302358255, 0.00146082381252, 0.000894210475963, 0.000270279531833, 0.00018888671184, 0.000243081332883, 0.00033517141128, 0.000664029619657, 0.000583854271099, 0.000305917084916, 0.000321031402564, 0.000209491277928, 0.00029283616459, 0.000407009210903, 0.000367232016288, 0.000212998827919, 0.000145584781421, 0.000211785911233, 0.000308045971906, 0.000270179298241, 0.000219662804739, 0.000207519653486, 0.000226527568884, 0.00023906538263, 0.000144647841807, 0.000153031331138, 0.000127660168801, 0.000128321407828, 9.05330016394e-05, 7.94973384473e-05, 8.42740191729e-05, 0.000107033694803, 9.32677212404e-05, 9.10767776077e-05, 0.000114921866043, 9.18137666304e-05, 4.8968304327e-05, 3.29426438839e-05, 3.14533936034e-05, 4.78460060549e-05, 3.97344665544e-05, 4.88977966597e-05, 5.30348079337e-05, 5.00337409903e-05, 4.121526581e-05, 4.28614257544e-05, 4.20504693466e-05, 2.67734212684e-05, 2.42175337917e-05, 1.99107835215e-05, 1.55900306709e-05, 1.70940747921e-05, 1.46639540617e-05, 1.63205677381e-05, 1.54699409904e-05, 1.23765685203e-05, 1.20518952826e-05, 1.31063834488e-05, 1.41012333188e-05, 1.19943269965e-05, 1.00274673969e-05, 9.70732617134e-06, 9.6234771263e-06, 8.77184993442e-06, 1.09161701403e-05, 1.20895792861e-05, 1.32558825499e-05, 1.24441730804e-05, 1.04297632788e-05, 1.32078675961e-05, 1.78259379027e-05, 1.00271818155e-05, 1.08789272417e-05, 1.84389937203e-05, 1.01115329016e-05, 1.17236522783e-05, 8.76090325619e-06, 6.87566625857e-06, 6.58265480524e-06, 5.84752024224e-06, 4.66142410005e-06, 4.29348028774e-06, 3.71809665012e-06, 3.09354754791e-06, 2.50826042247e-06, 2.1847915832e-06, 1.81563200385e-06, 1.78066636636e-06, 1.57722604399e-06, 1.19274386634e-06, 9.37799597978e-07, 8.51966660775e-07, 7.09140692834e-07, 6.20134699147e-07, 5.11044163432e-07, 3.99923465011e-07, 2.82664416318e-07, 2.13298804397e-07, 1.6526561808e-07, 8.21090679892e-08, 5.87904374072e-08, 3.67112882316e-08, 2.91327832969e-08, 2.03832950518e-08, 1.43800953367e-08, 1.2517856085e-08, 1.05529807115e-08, 7.06082392554e-09, 6.91136814446e-10, 1.99161919595e-11, 1.24395251044e-11]
    },
    "mfcc": {
        "mean": [-675.485534668, 105.156097412, -2.02777171135, 24.1128826141, -3.14812874794, 11.3444194794, 1.01519978046, 10.706993103, 2.09442424774, 4.93945264816, 1.23353588581, 5.720703125, 1.88085901737],
        "cov": [[15483.7060547, -448.745300293, 223.271652222, 282.116241455, 290.792327881, 308.298797607, -112.689414978, 77.2754592896, -36.665851593, 271.10836792, 178.437942505, 218.926834106, 162.897491455], [-448.745300293, 1411.63708496, -325.04586792, 155.983108521, -67.2902526855, 20.1678123474, 143.741394043, 94.4879379272, 110.144393921, 32.3062057495, 35.6299934387, 41.7736320496, 2.11994934082], [223.271652222, -325.04586792, 1273.75036621, 146.605102539, 429.024627686, 319.158325195, 199.831970215, 306.810424805, 162.407669067, 215.832504272, 120.370605469, 173.424179077, 212.417144775], [282.116241455, 155.983108521, 146.605102539, 358.115539551, 176.356536865, 150.755432129, 114.116241455, 93.9872894287, 116.627326965, 110.790328979, 54.5629806519, 50.9150161743, 68.6436767578], [290.792327881, -67.2902526855, 429.024627686, 176.356536865, 430.323822021, 218.158401489, 94.0697784424, 112.261543274, 96.4462127686, 146.989227295, 91.1081466675, 78.4397125244, 116.924118042], [308.298797607, 20.1678123474, 319.158325195, 150.755432129, 218.158401489, 292.563781738, 164.925430298, 153.720535278, 123.56489563, 148.522079468, 108.181442261, 101.648071289, 80.2219543457], [-112.689414978, 143.741394043, 199.831970215, 114.116241455, 94.0697784424, 164.925430298, 292.677825928, 201.672668457, 140.157867432, 115.449729919, 87.1820678711, 105.48274231, 71.2403564453], [77.2754592896, 94.4879379272, 306.810424805, 93.9872894287, 112.261543274, 153.720535278, 201.672668457, 274.781341553, 151.404067993, 117.837219238, 72.2456893921, 98.4655761719, 89.9127807617], [-36.665851593, 110.144393921, 162.407669067, 116.627326965, 96.4462127686, 123.56489563, 140.157867432, 151.404067993, 195.674972534, 118.115730286, 69.966545105, 64.5370101929, 62.9876098633], [271.10836792, 32.3062057495, 215.832504272, 110.790328979, 146.989227295, 148.522079468, 115.449729919, 117.837219238, 118.115730286, 200.216369629, 109.057197571, 89.5981369019, 73.8764648438], [178.437942505, 35.6299934387, 120.370605469, 54.5629806519, 91.1081466675, 108.181442261, 87.1820678711, 72.2456893921, 69.966545105, 109.057197571, 148.010269165, 93.9398422241, 52.4474906921], [218.926834106, 41.7736320496, 173.424179077, 50.9150161743, 78.4397125244, 101.648071289, 105.48274231, 98.4655761719, 64.5370101929, 89.5981369019, 93.9398422241, 159.139968872, 91.5957794189], [162.897491455, 2.11994934082, 212.417144775, 68.6436767578, 116.924118042, 80.2219543457, 71.2403564453, 89.9127807617, 62.9876098633, 73.8764648438, 52.4474906921, 91.5957794189, 141.579330444]],
        "icov": [[7.28436934878e-05, 2.82536821032e-05, 3.88178305002e-05, -6.69804794597e-05, 1.30298458316e-05, -9.06426430447e-05, 0.00014748670219, -9.79922915576e-05, 0.000126249666209, -0.000101855184766, 2.16869671021e-06, -9.59867829806e-05, -2.31049216382e-05], [2.82536821032e-05, 0.000929363130126, 0.000415531132603, -0.000414266542066, 4.72763422295e-05, 9.39112505876e-05, -0.000187706653378, -0.000411773537053, -0.000207851495361, 9.33322298806e-05, -3.93224472646e-05, -0.000267121969955, 2.58463824139e-05], [3.88178305002e-05, 0.000415531132603, 0.00182600528933, 0.000203680436243, -0.00101031898521, -0.000629197631497, 0.000383634062018, -0.00157460861374, 0.000372827169485, -0.000298272381769, 0.000512769154739, -0.000406843028031, -0.000828395131975], [-6.69804794597e-05, -0.000414266542066, 0.000203680436243, 0.00455523701385, -0.00117445411161, -0.00100423407275, -0.000683052989189, 0.000815861509182, -0.001450545853, -0.000652890710626, 0.000871645926964, 0.000578686245717, -0.000777636480052], [1.30298458316e-05, 4.72763422295e-05, -0.00101031898521, -0.00117445411161, 0.00544173503295, -0.00244977581315, 0.000639786710963, 0.000759775866754, 0.000397694588173, -0.00098349142354, -0.00073151558172, 0.00154403096531, -0.00223256344907], [-9.06426430447e-05, 9.39112505876e-05, -0.000629197631497, -0.00100423407275, -0.00244977581315, 0.00940005015582, -0.00220742402598, -0.000543822767213, -0.000620560953394, -0.00119604961947, -0.00163181347307, -0.00109532393981, 0.00190009339713], [0.00014748670219, -0.000187706653378, 0.000383634062018, -0.000683052989189, 0.000639786710963, -0.00220742402598, 0.00894780084491, -0.00462431507185, -0.000882317253854, -9.56595067692e-06, -0.000492705206852, -0.00204889755696, 0.000651088543236], [-9.79922915576e-05, -0.000411773537053, -0.00157460861374, 0.000815861509182, 0.000759775866754, -0.000543822767213, -0.00462431507185, 0.0113441394642, -0.00419554673135, -0.000226601405302, 0.00117970537394, -0.000399669428589, -0.00130460900255], [0.000126249666209, -0.000207851495361, 0.000372827169485, -0.001450545853, 0.000397694588173, -0.000620560953394, -0.000882317253854, -0.00419554673135, 0.0122091593221, -0.003663595533, -0.000722344964743, 0.00147561437916, -0.00107377197128], [-0.000101855184766, 9.33322298806e-05, -0.000298272381769, -0.000652890710626, -0.00098349142354, -0.00119604961947, -9.56595067692e-06, -0.000226601405302, -0.003663595533, 0.0128430174664, -0.00512845395133, -0.000473119871458, -0.000347205001162], [2.16869671021e-06, -3.93224472646e-05, 0.000512769154739, 0.000871645926964, -0.00073151558172, -0.00163181347307, -0.000492705206852, 0.00117970537394, -0.000722344964743, -0.00512845395133, 0.0150174060836, -0.00628187227994, 0.00133199989796], [-9.59867829806e-05, -0.000267121969955, -0.000406843028031, 0.000578686245717, 0.00154403096531, -0.00109532393981, -0.00204889755696, -0.000399669428589, 0.00147561437916, -0.000473119871458, -0.00628187227994, 0.0158406514674, -0.00725619727746], [-2.31049216382e-05, 2.58463824139e-05, -0.000828395131975, -0.000777636480052, -0.00223256344907, 0.00190009339713, 0.000651088543236, -0.00130460900255, -0.00107377197128, -0.000347205001162, 0.00133199989796, -0.00725619727746, 0.0148372240365]]
    },
    "spectral_contrast_coeffs": {
        "mean": [-0.711428821087, -0.761540234089, -0.76325827837, -0.765894591808, -0.777360022068, -0.746253430843],
        "stdev": [0.107065938413, 0.0751423537731, 0.0696271657944, 0.062559440732, 0.0506739243865, 0.0492279082537]
    },
    "spectral_contrast_valleys": {
        "mean": [-7.63234758377, -7.32616233826, -7.91611194611, -8.33814716339, -8.13543605804, -10.6910266876],
        "stdev": [2.39636135101, 2.16358542442, 2.11952590942, 2.16148662567, 2.19112730026, 2.20931458473]
    }
},
"rhythm": {
    "beats_count": 281,
    "beats_loudness": {
        "mean": 0.0633700117469,
        "stdev": 0.0661531686783
    },
    "bpm": 139.96307373,
    "bpm_histogram_first_peak_bpm": 140,
    "bpm_histogram_first_peak_weight": 0.285198569298,
    "bpm_histogram_second_peak_bpm": 133,
    "bpm_histogram_second_peak_spread": 0,
    "bpm_histogram_second_peak_weight": 0.00714285718277,
    "danceability": 0.990353047848,
    "onset_rate": 3.97777295113,
    "beats_loudness_band_ratio": {
        "mean": [0.570105075836, 0.0774275884032, 0.134284108877, 0.10049636662, 0.0757112130523, 0.0650430247188],
        "stdev": [0.322278916836, 0.0909146592021, 0.143646359444, 0.107173211873, 0.0818103998899, 0.0727891325951]
    },
    "beats_position": [0.441179126501, 0.882358253002, 1.3235373497, 1.75310659409, 2.18267560005, 2.61224484444, 3.04181408882, 3.47138309479, 3.90095233917, 4.33052158356, 4.76009082794, 5.18965959549, 5.60761880875, 6.03718805313, 6.46675729752, 6.8963265419, 7.32589578629, 7.75546455383, 8.18503379822, 8.6146030426, 9.04417228699, 9.47374153137, 9.90331077576, 10.3328800201, 10.7624483109, 11.1920175552, 11.6215867996, 12.051156044, 12.4691152573, 12.8986845016, 13.328253746, 13.7578229904, 14.1757822037, 14.6053514481, 15.0233106613, 15.4528799057, 15.8824491501, 16.3120174408, 16.7415866852, 17.1711559296, 17.600725174, 18.0419044495, 18.4714736938, 18.9010429382, 19.3306121826, 19.760181427, 20.1897506714, 20.6193199158, 21.037279129, 21.4552383423, 21.8848075867, 22.3143768311, 22.7555541992, 23.1851234436, 23.614692688, 24.0442619324, 24.4738311768, 24.9034004211, 25.3329696655, 25.7625389099, 26.1921081543, 26.6100673676, 27.0396366119, 27.4692058563, 27.8987751007, 28.3283443451, 28.7463035583, 29.1758728027, 29.6054420471, 30.0466213226, 30.476190567, 30.9057598114, 31.3237190247, 31.7648983002, 32.1828575134, 32.6008148193, 33.0303840637, 33.4599533081, 33.8895225525, 34.3190917969, 34.7486610413, 35.1782302856, 35.60779953, 36.0373687744, 36.4669380188, 36.8965072632, 37.3260765076, 37.755645752, 38.1852149963, 38.6147842407, 39.0327415466, 39.462310791, 39.8918800354, 40.3214492798, 40.7394104004, 41.1689796448, 41.6101570129, 42.0397262573, 42.4692955017, 42.8872566223, 43.3284339905, 43.7580032349, 44.1875724792, 44.6055335999, 45.0351028442, 45.4646720886, 45.894241333, 46.3238105774, 46.7533760071, 47.1829452515, 47.6009063721, 48.0420837402, 48.4716529846, 48.901222229, 49.3191833496, 49.748752594, 50.1783218384, 50.6194992065, 51.0374603271, 51.4554176331, 51.8849868774, 52.3261680603, 52.7557373047, 53.1853065491, 53.6148757935, 54.0444450378, 54.4740142822, 54.8919715881, 55.333152771, 55.7743301392, 56.2155075073, 56.6334686279, 57.0514259338, 57.4809951782, 57.9105644226, 58.340133667, 58.7580947876, 59.187664032, 59.6172332764, 60.0468025208, 60.4763717651, 60.9059410095, 61.3355102539, 61.7650794983, 62.1946487427, 62.6242179871, 63.0537872314, 63.4833564758, 63.9129257202, 64.3424911499, 64.772064209, 65.2016296387, 65.6195907593, 66.049156189, 66.478729248, 66.9199066162, 67.3494796753, 67.779045105, 68.1970062256, 68.6149673462, 69.0445327759, 69.474105835, 69.8920593262, 70.3216323853, 70.7511978149, 71.1923828125, 71.6103363037, 72.0399093628, 72.4694747925, 72.8874359131, 73.3170089722, 73.7465744019, 74.1761474609, 74.6057128906, 75.0352783203, 75.4648513794, 75.8944168091, 76.3239898682, 76.7419509888, 77.1715164185, 77.6010894775, 78.0422668457, 78.4718322754, 78.9014053345, 79.3193664551, 79.7605438232, 80.1785049438, 80.619682312, 81.0492477417, 81.4788208008, 81.8967819214, 82.3147354126, 82.7443084717, 83.1738739014, 83.6034469604, 84.0330123901, 84.4625854492, 84.8921508789, 85.321723938, 85.7512893677, 86.1808624268, 86.6104278564, 87.0400009155, 87.4695663452, 87.8991394043, 88.328704834, 88.7466659546, 89.1878433228, 89.6174163818, 90.0469818115, 90.4765548706, 90.9061203003, 91.3240814209, 91.7652587891, 92.1832199097, 92.6127853394, 93.0423583984, 93.460319519, 93.8898849487, 94.3194503784, 94.7490234375, 95.1785888672, 95.5965499878, 96.0261230469, 96.4556884766, 96.8968658447, 97.3380508423, 97.7792282104, 98.1971893311, 98.6151428223, 99.0447158813, 99.474281311, 99.8922424316, 100.321815491, 100.75138092, 101.192558289, 101.622131348, 102.051696777, 102.481269836, 102.910835266, 103.340408325, 103.769973755, 104.199546814, 104.629112244, 105.058685303, 105.488250732, 105.906211853, 106.335777283, 106.753738403, 107.183311462, 107.624488831, 108.065666199, 108.495239258, 108.924804688, 109.342765808, 109.760726929, 110.17868042, 110.608253479, 111.037818909, 111.467391968, 111.896957397, 112.326530457, 112.756095886, 113.174057007, 113.603622437, 114.033195496, 114.462760925, 114.892333984, 115.321899414, 115.751472473, 116.169433594, 116.598999023, 117.028572083, 117.458137512, 117.887710571, 118.328887939, 118.770065308, 119.211242676, 119.664031982, 120.116821289, 120.61605072],
    "bpm_histogram": [0, 0, 0, 0, 0, 0, 0, 0, 0, 0, 0, 0, 0, 0, 0, 0, 0, 0, 0, 0, 0, 0, 0, 0, 0, 0, 0, 0, 0, 0, 0, 0, 0, 0, 0, 0, 0, 0, 0, 0, 0, 0, 0, 0, 0, 0, 0, 0, 0, 0, 0, 0, 0, 0, 0, 0, 0, 0, 0, 0, 0, 0, 0, 0, 0, 0, 0, 0, 0, 0, 0, 0, 0, 0, 0, 0, 0, 0, 0, 0, 0, 0, 0, 0, 0, 0, 0, 0, 0, 0, 0, 0, 0, 0, 0, 0, 0, 0, 0, 0, 0, 0, 0, 0, 0, 0, 0, 0, 0, 0, 0, 0, 0, 0, 0, 0, 0, 0, 0, 0, 0.00357142859139, 0, 0, 0, 0, 0, 0, 0, 0, 0, 0, 0, 0, 0.00714285718277, 0, 0, 0.107142858207, 0, 0, 0, 0.707142829895, 0, 0, 0, 0.17499999702, 0, 0, 0, 0, 0, 0, 0, 0, 0, 0, 0, 0, 0, 0, 0, 0, 0, 0, 0, 0, 0, 0, 0, 0, 0, 0, 0, 0, 0, 0, 0, 0, 0, 0, 0, 0, 0, 0, 0, 0, 0, 0, 0, 0, 0, 0, 0, 0, 0, 0, 0, 0, 0, 0, 0, 0, 0, 0, 0, 0, 0, 0, 0, 0, 0, 0, 0, 0, 0, 0, 0, 0, 0, 0, 0, 0, 0, 0, 0, 0, 0, 0, 0, 0, 0, 0, 0, 0, 0, 0, 0, 0, 0, 0, 0, 0, 0, 0, 0, 0, 0, 0, 0, 0, 0]
},
"tonal": {
    "chords_changes_rate": 0.0693486556411,
    "chords_number_rate": 0.00421455921605,
    "chords_strength": {
        "mean": 0.478213399649,
        "stdev": 0.0835146307945
    },
    "hpcp_crest": {
        "mean": 12.1913976669,
        "stdev": 5.59581661224
    },
    "hpcp_entropy": {
        "mean": 2.10228610039,
        "stdev": 0.693879425526
    },
    "key_edma": {
        "strength": 0.593980133533,
        "key": "Bb",
        "scale": "major"
    },
    "key_krumhansl": {
        "strength": 0.603860020638,
        "key": "Bb",
        "scale": "major"
    },
    "key_temperley": {
        "strength": 0.617150723934,
        "key": "Bb",
        "scale": "major"
    },
    "tuning_diatonic_strength": 0.601899147034,
    "tuning_equal_tempered_deviation": 0.337246209383,
    "tuning_frequency": 434.193115234,
    "tuning_nontempered_energy_ratio": 0.976478755474,
    "hpcp": {
        "mean": [0.0619599074125, 0.0504781082273, 0.0542125292122, 0.11090759933, 0.162838190794, 0.113280162215, 0.0498850867152, 0.0405917130411, 0.0475961007178, 0.10271590203, 0.14501722157, 0.103354685009, 0.0540755242109, 0.033630322665, 0.0310736820102, 0.0707140341401, 0.11534126848, 0.0856406986713, 0.0804256573319, 0.13149240613, 0.104951739311, 0.0550833754241, 0.0445925295353, 0.0473819971085, 0.217555701733, 0.390574604273, 0.25491309166, 0.0831196084619, 0.0475405193865, 0.0473968088627, 0.125442862511, 0.273541539907, 0.225961074233, 0.0919621810317, 0.129169166088, 0.120685763657],
        "stdev": [0.16418749094, 0.142545476556, 0.14749571681, 0.222373113036, 0.284980595112, 0.219524472952, 0.143967792392, 0.131606414914, 0.141179159284, 0.200360506773, 0.258111178875, 0.210586249828, 0.155454367399, 0.11851939559, 0.098598651588, 0.15500049293, 0.232175067067, 0.184577658772, 0.166485652328, 0.253636777401, 0.207324013114, 0.154579803348, 0.136723354459, 0.133055254817, 0.292263239622, 0.410870820284, 0.308378636837, 0.195280477405, 0.140501782298, 0.140372887254, 0.244854018092, 0.371000349522, 0.34077912569, 0.195973500609, 0.267852455378, 0.24889613688]
    },
    "chords_histogram": [21.1877403259, 0, 6.16858243942, 0.229885056615, 5.01915693283, 1.0727969408, 0, 0, 0, 0, 0, 0.383141756058, 0, 0.0383141748607, 0.114942528307, 0, 0, 1.83908045292, 1.22605359554, 28.8505744934, 1.91570878029, 12.1072797775, 2.03065133095, 17.8160915375],
    "thpcp": [1, 0.65266174078, 0.212813660502, 0.121719434857, 0.121351487935, 0.321175158024, 0.700356721878, 0.578534960747, 0.235453560948, 0.330715745687, 0.308995425701, 0.158637836576, 0.129240632057, 0.138801977038, 0.283960074186, 0.41691955924, 0.290034621954, 0.127722293139, 0.10392819345, 0.121861740947, 0.262986630201, 0.371291995049, 0.264622122049, 0.138451203704, 0.0861047357321, 0.0795588865876, 0.181051284075, 0.295311748981, 0.219268471003, 0.205916255713, 0.336663991213, 0.26871111989, 0.141031637788, 0.114171601832, 0.121313564479, 0.557014465332],
    "chords_key": "F",
    "chords_scale": "minor"
}
}