{
"metadata": {
    "version": {
        "essentia": "2.1-beta6-dev",
        "essentia_git_sha": "v2.1_beta5-1177-g1d1cc983",
        "extractor": "music 2.0"
    },
    "audio_properties": {
        "analysis": {
            "equal_loudness": 0,
            "length": 119.035644531,
            "sample_rate": 44100,
            "start_time": 0,
            "downmix": "mix"
        },
        "bit_rate": 1536000,
        "length": 119.035667419,
        "lossless": 1,
        "number_channels": 2,
        "replay_gain": -11.9273738861,
        "sample_rate": 48000,
        "codec": "pcm_s16le",
        "md5_encoded": "2bc82f078b67d47eb8157a24b0028e56"
    },
    "tags": {
        "file_name": "BigXthaPlug - Mmhmm.wav",
        "album": ["THE BIGGEST"],
        "artist": ["BigXthaPlug"],
        "audiosourcewebpage": [""],
        "composer": ["BigXthaPlug under exclusive license to UnitedMasters LLC"],
        "copyright": ["2023 BigXthaPlug under exclusive license to UnitedMasters LLC"],
        "date": ["2023-12-01"],
        "genre": ["southern hip hop"],
        "isrc": ["QZNMX2391413"],
        "title": ["Mmhmm"],
        "tracknumber": ["3\/7"]
    }
},
"lowlevel": {
    "average_loudness": 0.850642204285,
    "barkbands_crest": {
        "mean": 15.5800571442,
        "stdev": 6.69612932205
    },
    "barkbands_flatness_db": {
        "mean": 0.211895704269,
        "stdev": 0.100309811532
    },
    "barkbands_kurtosis": {
        "mean": 25.5835666656,
        "stdev": 58.3515548706
    },
    "barkbands_skewness": {
        "mean": 2.86872291565,
        "stdev": 3.50973439217
    },
    "barkbands_spread": {
        "mean": 23.5424633026,
        "stdev": 21.1258125305
    },
    "dissonance": {
        "mean": 0.459121435881,
        "stdev": 0.0380611568689
    },
    "dynamic_complexity": 4.97318077087,
    "erbbands_crest": {
        "mean": 9.06663703918,
        "stdev": 3.5645301342
    },
    "erbbands_flatness_db": {
        "mean": 0.174102783203,
        "stdev": 0.060253046453
    },
    "erbbands_kurtosis": {
        "mean": 1.59482717514,
        "stdev": 5.24297523499
    },
    "erbbands_skewness": {
        "mean": -0.322356969118,
        "stdev": 1.25344359875
    },
    "erbbands_spread": {
        "mean": 45.0392837524,
        "stdev": 29.6192798615
    },
    "hfc": {
        "mean": 23.5168418884,
        "stdev": 35.6587867737
    },
    "loudness_ebu128": {
        "integrated": -11.5994844437,
        "loudness_range": 7.63643264771,
        "momentary": {
            "mean": -14.1436319351,
            "stdev": 8.64640045166
        },
        "short_term": {
            "mean": -12.8843231201,
            "stdev": 4.68137168884
        }
    },
    "melbands_crest": {
        "mean": 23.1347141266,
        "stdev": 9.46824645996
    },
    "melbands_flatness_db": {
        "mean": 0.27271848917,
        "stdev": 0.137705072761
    },
    "melbands_kurtosis": {
        "mean": 67.1478424072,
        "stdev": 127.805290222
    },
    "melbands_skewness": {
        "mean": 5.06514167786,
        "stdev": 4.70594835281
    },
    "melbands_spread": {
        "mean": 28.1048526764,
        "stdev": 34.9476585388
    },
    "pitch_salience": {
        "mean": 0.399940729141,
        "stdev": 0.209671154618
    },
    "silence_rate_20dB": {
        "mean": 0.996294856071,
        "stdev": 0.0607565008104
    },
    "silence_rate_30dB": {
        "mean": 0.914391577244,
        "stdev": 0.279780685902
    },
    "silence_rate_60dB": {
        "mean": 0.177457094193,
        "stdev": 0.382057934999
    },
    "spectral_centroid": {
        "mean": 1867.84851074,
        "stdev": 1269.32836914
    },
    "spectral_complexity": {
        "mean": 11.6244153976,
        "stdev": 10.2666397095
    },
    "spectral_decrease": {
        "mean": -1.07724380527e-08,
        "stdev": 1.68445950521e-08
    },
    "spectral_energy": {
        "mean": 0.0427906922996,
        "stdev": 0.0642969161272
    },
    "spectral_energyband_high": {
        "mean": 0.00191567768343,
        "stdev": 0.0040850774385
    },
    "spectral_energyband_low": {
        "mean": 0.0332042723894,
        "stdev": 0.0610041432083
    },
    "spectral_energyband_middle_high": {
        "mean": 0.00349442008883,
        "stdev": 0.00541067309678
    },
    "spectral_energyband_middle_low": {
        "mean": 0.00454593636096,
        "stdev": 0.00957568921149
    },
    "spectral_entropy": {
        "mean": 7.56818723679,
        "stdev": 0.652147471905
    },
    "spectral_flux": {
        "mean": 0.0929290056229,
        "stdev": 0.0954490751028
    },
    "spectral_kurtosis": {
        "mean": 6.62167358398,
        "stdev": 20.155128479
    },
    "spectral_rms": {
        "mean": 0.00522686820477,
        "stdev": 0.00379826873541
    },
    "spectral_rolloff": {
        "mean": 1903.80615234,
        "stdev": 2504.35595703
    },
    "spectral_skewness": {
        "mean": 1.43549394608,
        "stdev": 1.1820127964
    },
    "spectral_spread": {
        "mean": 4997956.5,
        "stdev": 3007337.75
    },
    "spectral_strongpeak": {
        "mean": 0.615644931793,
        "stdev": 0.812981963158
    },
    "zerocrossingrate": {
        "mean": 0.0602860711515,
        "stdev": 0.0600379817188
    },
    "barkbands": {
        "mean": [0.00213931524195, 0.0283758342266, 0.00236300076358, 0.000858269864693, 0.00137149647344, 0.000536377017852, 0.000802593771368, 0.000205045042094, 0.000709556683432, 0.000423000368755, 0.000263223861111, 0.000442649848992, 0.000344239088008, 0.000265613518422, 0.00022522819927, 0.000290825206321, 0.00020838167984, 0.000412416527979, 0.000519311171956, 0.000264558620984, 0.000328986614477, 0.000468147016363, 0.00049471820239, 0.000320289400406, 0.000106326362584, 4.92235958518e-05, 2.06422646443e-06],
        "stdev": [0.00457833707333, 0.0529710426927, 0.0136368330568, 0.00344842742197, 0.00334014883265, 0.0021569954697, 0.00183448498137, 0.00060003233375, 0.00168586603831, 0.00125173805282, 0.000705686747096, 0.000980446813628, 0.000797139422502, 0.000649472232908, 0.000580809253734, 0.000667333835736, 0.000506968761329, 0.000950969581027, 0.00122702470981, 0.00107093551196, 0.000845260161441, 0.00109143508598, 0.00113510643132, 0.000723660516087, 0.000245436909609, 0.000104978244053, 6.09947619523e-06]
    },
    "erbbands": {
        "mean": [1.18897736073, 4.84587955475, 3.62575745583, 2.86989402771, 3.77968621254, 5.26499557495, 3.88277506828, 4.49369096756, 9.71153736115, 8.7935256958, 7.29389333725, 18.0749664307, 9.72305774689, 14.6740932465, 13.4054012299, 17.1928310394, 16.5906429291, 13.3833227158, 12.8535490036, 12.9367704391, 15.6170806885, 12.531083107, 20.1994781494, 28.9139232635, 19.8437786102, 12.200293541, 12.6957836151, 13.551530838, 13.1825227737, 18.5796203613, 14.7675275803, 9.03134441376, 3.92045855522, 1.64644002914, 0.547597169876, 0.22780507803, 0.0795193687081, 0.0169716905802, 0.000382208381779, 6.56252086628e-05],
        "stdev": [2.0070950985, 11.06346035, 17.1035366058, 12.9090805054, 10.4855995178, 13.4826307297, 14.4364442825, 16.71808815, 21.5484924316, 23.4635257721, 17.4469470978, 44.8960456848, 28.4605636597, 39.0683479309, 30.017621994, 37.3669013977, 37.0177650452, 30.6923160553, 30.9519176483, 30.5996665955, 35.0713920593, 29.9717941284, 51.236492157, 61.4895057678, 52.8865890503, 47.0818748474, 39.3729553223, 33.1258964539, 32.0719985962, 44.2330665588, 33.9872932434, 19.3872108459, 9.29612064362, 3.82974362373, 1.2810229063, 0.486723035574, 0.17178915441, 0.0423233024776, 0.00089731765911, 8.50784272188e-05]
    },
    "gfcc": {
        "mean": [-79.505645752, 77.5619735718, -107.476455688, 43.6721763611, -48.2267532349, 21.3418312073, -29.0648555756, 10.9207134247, -14.26039505, 0.763753712177, -8.1852645874, 4.36649703979, -9.35661029816],
        "cov": [[26958.4863281, -4302.6796875, -927.735534668, 1296.58496094, -2001.3605957, 1433.72900391, -351.099975586, 926.406188965, -531.457458496, 348.308685303, -318.727722168, 426.694519043, -748.261535645], [-4302.6796875, 4834.13378906, -333.243621826, -592.762512207, 1634.6340332, -723.083435059, 496.834594727, -100.866752625, 499.343231201, -288.661834717, 440.227905273, -239.733413696, 492.465087891], [-927.735534668, -333.243621826, 2813.80932617, 851.755615234, 85.0181121826, 658.712097168, 82.2400665283, 102.681610107, 305.147216797, 249.67805481, 100.602577209, 264.784820557, 94.3843536377], [1296.58496094, -592.762512207, 851.755615234, 1008.6305542, 74.2270431519, 364.144378662, 83.392616272, 114.575836182, 127.629951477, 168.362945557, 62.1135292053, 56.8032493591, 68.4457626343], [-2001.3605957, 1634.6340332, 85.0181121826, 74.2270431519, 1117.78564453, -84.7069549561, 254.495101929, 46.3192443848, 307.500762939, 11.7196044922, 201.98348999, -41.8981933594, 276.012329102], [1433.72900391, -723.083435059, 658.712097168, 364.144378662, -84.7069549561, 683.096130371, 113.01058197, 227.006561279, 103.561027527, 144.886962891, 56.4196891785, 154.926086426, -19.1961956024], [-351.099975586, 496.834594727, 82.2400665283, 83.392616272, 254.495101929, 113.01058197, 541.371520996, 197.459640503, 121.497528076, 15.1476268768, 156.144958496, 29.1425323486, 77.8866119385], [926.406188965, -100.866752625, 102.681610107, 114.575836182, 46.3192443848, 227.006561279, 197.459640503, 356.127258301, 88.8228683472, 73.6067428589, 99.9913482666, 67.6994247437, 12.0174322128], [-531.457458496, 499.343231201, 305.147216797, 127.629951477, 307.500762939, 103.561027527, 121.497528076, 88.8228683472, 334.052185059, 94.4019622803, 125.29573822, 23.8272609711, 99.2336578369], [348.308685303, -288.661834717, 249.67805481, 168.362945557, 11.7196044922, 144.886962891, 15.1476268768, 73.6067428589, 94.4019622803, 217.745422363, 47.4807853699, 47.6393089294, 3.19130682945], [-318.727722168, 440.227905273, 100.602577209, 62.1135292053, 201.98348999, 56.4196891785, 156.144958496, 99.9913482666, 125.29573822, 47.4807853699, 216.536865234, 23.2397594452, 65.6519165039], [426.694519043, -239.733413696, 264.784820557, 56.8032493591, -41.8981933594, 154.926086426, 29.1425323486, 67.6994247437, 23.8272609711, 47.6393089294, 23.2397594452, 162.324539185, -0.134559229016], [-748.261535645, 492.465087891, 94.3843536377, 68.4457626343, 276.012329102, -19.1961956024, 77.8866119385, 12.0174322128, 99.2336578369, 3.19130682945, 65.6519165039, -0.134559229016, 179.25730896]],
        "icov": [[7.71947743488e-05, -0.00010189373279, 0.000121702731121, -0.000209228121093, 0.000142596763908, -0.00015727437858, 0.000102439153125, -0.000181282768608, 8.52324155858e-05, -0.000110376604425, 0.000169250750332, -0.000238729524426, 0.000241819274379], [-0.00010189373279, 0.00114840490278, -0.000370034831576, 0.000862791377585, -0.00101993861608, 0.000832188175991, -0.000425210018875, 0.000401486060582, -0.00076792971231, 0.00124727783259, -0.00134315155447, 0.00105508859269, -0.00100186211057], [0.000121702731121, -0.000370034831576, 0.000876831647474, -0.000820533488877, 0.000438466231572, -0.000694632937666, 0.000232560792938, 4.16106340708e-05, -0.000130287531647, -0.000445244368166, 0.000523826805875, -0.0012173880823, 0.000410156266298], [-0.000209228121093, 0.000862791377585, -0.000820533488877, 0.00249579129741, -0.000861661275849, 0.000252253870713, -0.000492735183798, 0.000494740030263, -0.000381782185286, 0.000255087797996, -0.00107041618321, 0.00184135383461, -0.00162969739176], [0.000142596763908, -0.00101993861608, 0.000438466231572, -0.000861661275849, 0.002796103945, -0.000593388162088, 8.47794508445e-05, -0.000305859488435, -0.0003346632584, -0.000922534731217, 0.000709629443008, -0.000676977564581, -0.000948505767155], [-0.00015727437858, 0.000832188175991, -0.000694632937666, 0.000252253870713, -0.000593388162088, 0.00366341113113, -0.000520556175616, -0.000770497776102, -0.000860650732648, 0.000500150432345, -0.00080684106797, -0.000452731765108, -0.000326794543071], [0.000102439153125, -0.000425210018875, 0.000232560792938, -0.000492735183798, 8.47794508445e-05, -0.000520556175616, 0.00306274252944, -0.00150867202319, 0.000286893278826, 0.000146927006426, -0.000648997549433, -0.000498177774716, 0.000321444676956], [-0.000181282768608, 0.000401486060582, 4.16106340708e-05, 0.000494740030263, -0.000305859488435, -0.000770497776102, -0.00150867202319, 0.00524211814627, -0.000715128087904, -7.9216370068e-05, -0.00152247864753, -8.4687701019e-05, -0.000423169985879], [8.52324155858e-05, -0.00076792971231, -0.000130287531647, -0.000381782185286, -0.0003346632584, -0.000860650732648, 0.000286893278826, -0.000715128087904, 0.00609885388985, -0.00241318112239, -0.000420012424001, -0.000157276852406, -0.00015327091387], [-0.000110376604425, 0.00124727783259, -0.000445244368166, 0.000255087797996, -0.000922534731217, 0.000500150432345, 0.000146927006426, -7.9216370068e-05, -0.00241318112239, 0.00790737848729, -0.00218161079101, 0.000406034552725, -0.000340355269145], [0.000169250750332, -0.00134315155447, 0.000523826805875, -0.00107041618321, 0.000709629443008, -0.00080684106797, -0.000648997549433, -0.00152247864753, -0.000420012424001, -0.00218161079101, 0.0090912822634, -0.00180285680108, 0.000674740003888], [-0.000238729524426, 0.00105508859269, -0.0012173880823, 0.00184135383461, -0.000676977564581, -0.000452731765108, -0.000498177774716, -8.4687701019e-05, -0.000157276852406, 0.000406034552725, -0.00180285680108, 0.0102302273735, -0.00199336605147], [0.000241819274379, -0.00100186211057, 0.000410156266298, -0.00162969739176, -0.000948505767155, -0.000326794543071, 0.000321444676956, -0.000423169985879, -0.00015327091387, -0.000340355269145, 0.000674740003888, -0.00199336605147, 0.0109031237662]]
    },
    "melbands": {
        "mean": [0.00913009792566, 0.00321750808507, 0.000520876608789, 0.000336647965014, 0.00014829383872, 0.000101451485534, 0.000157037327881, 8.19707274786e-05, 7.44269564166e-05, 0.000106911706098, 4.67352037958e-05, 6.15387325524e-05, 3.86095962313e-05, 5.20352150488e-05, 3.92655820178e-05, 3.23962776747e-05, 2.43550930463e-05, 2.09562549571e-05, 1.76402572833e-05, 1.89604907064e-05, 1.78416048584e-05, 1.29874360937e-05, 1.33602798087e-05, 2.0898249204e-05, 2.41085108428e-05, 1.87079203897e-05, 9.22957769944e-06, 7.83131690696e-06, 7.82764072937e-06, 8.04131195764e-06, 7.81673861638e-06, 7.10536414772e-06, 9.62491230894e-06, 9.99244730338e-06, 8.92251227924e-06, 7.09802134224e-06, 4.78592573927e-06, 2.96297343994e-06, 1.79548953838e-06, 1.23765880744e-06],
        "stdev": [0.0159307271242, 0.00976959895343, 0.0021454768721, 0.000819049484562, 0.000492036342621, 0.000371136149624, 0.000346744578565, 0.000218774148379, 0.000181543960935, 0.000266697519692, 0.000150375286466, 0.000168781945831, 9.29930611164e-05, 0.000120390097436, 9.1007204901e-05, 7.76991073508e-05, 6.08532718616e-05, 5.28331293026e-05, 4.41485281044e-05, 4.47800957772e-05, 4.09780768678e-05, 3.25758301187e-05, 3.56055716111e-05, 5.09711171617e-05, 5.2573162975e-05, 4.98211993545e-05, 3.0043802326e-05, 3.34747128363e-05, 2.80485364783e-05, 2.05369342439e-05, 1.97911831492e-05, 1.80155220733e-05, 2.32601942116e-05, 2.41793477471e-05, 2.13029088627e-05, 1.52411566887e-05, 1.07246478365e-05, 7.30527199266e-06, 4.22380981036e-06, 2.93825337394e-06]
    },
    "melbands128": {
        "mean": [0.00200776499696, 0.0103608770296, 0.0124226892367, 0.00646271836013, 0.00227619544603, 0.00104802311398, 0.000562874716707, 0.000412662076997, 0.000356674485374, 0.00038447289262, 0.00031527839019, 0.000128398489323, 0.000127155159134, 0.000132012079121, 0.000106002080429, 7.03931291355e-05, 0.000109786989924, 0.000200399270398, 0.000190616730833, 8.50025098771e-05, 3.6925819586e-05, 3.06341971736e-05, 6.35094256722e-05, 0.0001334684639, 0.000161872827448, 7.84030780778e-05, 2.77548097074e-05, 3.71880523744e-05, 6.8223765993e-05, 7.4717499956e-05, 6.12637741142e-05, 3.22215601045e-05, 3.11083276756e-05, 4.50155748695e-05, 5.93227669015e-05, 5.40699438716e-05, 4.04571837862e-05, 3.81213831133e-05, 3.80905075872e-05, 4.07776205975e-05, 3.09090755763e-05, 2.0449371732e-05, 2.4550319722e-05, 2.57306382991e-05, 2.50972716458e-05, 1.79983180715e-05, 1.79630023922e-05, 2.25883359235e-05, 1.32340737764e-05, 1.60745930771e-05, 2.21019163291e-05, 1.86373526958e-05, 1.96900109586e-05, 1.73324569914e-05, 1.36693906825e-05, 1.53051714733e-05, 8.56299539009e-06, 1.05453764263e-05, 1.41969676406e-05, 2.06667227758e-05, 2.07604534808e-05, 2.14171941479e-05, 2.39497931034e-05, 2.46034651354e-05, 2.55966115219e-05, 2.04786138056e-05, 1.37772985909e-05, 9.42118185776e-06, 8.93213655218e-06, 7.65375352785e-06, 6.53330835121e-06, 9.06109562493e-06, 8.81198593561e-06, 7.0024489105e-06, 7.42936163078e-06, 8.32939349493e-06, 8.37115931063e-06, 7.27242922949e-06, 8.32466321299e-06, 7.66046741774e-06, 7.55662586016e-06, 6.9853167588e-06, 5.28590680915e-06, 8.3485383584e-06, 1.65564251802e-05, 9.3101280072e-06, 6.76354420648e-06, 1.23220906971e-05, 7.55884047976e-06, 8.96652454685e-06, 7.30447345632e-06, 6.51863547318e-06, 6.93068477631e-06, 4.66680103273e-06, 3.38040968018e-06, 3.88807029594e-06, 2.62644743998e-06, 2.2771323529e-06, 1.7591012238e-06, 1.60853051057e-06, 1.49250809045e-06, 1.24077564578e-06, 8.31318175187e-07, 5.93226445744e-07, 5.51939763227e-07, 5.57395878786e-07, 4.79473612813e-07, 4.64867213168e-07, 3.72005899862e-07, 3.54547097459e-07, 2.76087320117e-07, 2.16871953285e-07, 2.42118119331e-07, 2.41883441277e-07, 3.01970317196e-07, 2.54251318665e-07, 7.19282695627e-08, 2.94596458339e-09, 1.470698896e-09, 1.20745047294e-09, 1.09066156107e-09, 8.51463677343e-10, 9.38309763221e-10, 1.18725262954e-09, 7.87957421533e-10, 4.65325798726e-11, 4.76999472906e-12, 4.58048573029e-12],
        "stdev": [0.00416765548289, 0.0175277981907, 0.0240286588669, 0.0176760628819, 0.0107959276065, 0.00592312728986, 0.00271883793175, 0.00152613769751, 0.0010181190446, 0.000928455323447, 0.000870717340149, 0.000395020149881, 0.000493560452014, 0.000644509098493, 0.000480466231238, 0.000239642438828, 0.00032055968768, 0.000518741260748, 0.0005629301304, 0.000303174660075, 0.000131987224449, 0.000134333327878, 0.000215825930354, 0.000394285307266, 0.000480060407426, 0.000271206808975, 0.000149293366121, 0.000186170538655, 0.00028708591708, 0.00026881651138, 0.000208404759178, 0.000132151297294, 0.000114068832772, 0.000149329192936, 0.000181034716661, 0.000169315913809, 0.000136650196509, 0.000120303397125, 0.000129493157146, 0.000126258906676, 0.000101449630165, 6.41204605927e-05, 8.19092238089e-05, 8.29410055303e-05, 7.96256790636e-05, 6.16803445155e-05, 6.0558631958e-05, 6.03298649366e-05, 4.39732575614e-05, 5.1274731959e-05, 5.46592636965e-05, 5.66679191252e-05, 5.5328648159e-05, 4.66001001769e-05, 3.95372735511e-05, 4.70848754048e-05, 2.43294871325e-05, 3.31798073603e-05, 4.03712510888e-05, 7.93904910097e-05, 6.24040185357e-05, 5.86113710597e-05, 6.42493323539e-05, 6.41685983283e-05, 7.80284099164e-05, 6.13939482719e-05, 4.36064183305e-05, 3.15067227348e-05, 3.57404496754e-05, 2.89452727884e-05, 2.6588968467e-05, 4.65071789222e-05, 4.05291648349e-05, 2.31116573559e-05, 2.09332192753e-05, 2.39390119532e-05, 2.15683121496e-05, 1.8962613467e-05, 2.40659701376e-05, 2.08361580007e-05, 1.99739879463e-05, 1.87190162251e-05, 1.70234980033e-05, 2.17108135985e-05, 4.32444358012e-05, 2.28760854952e-05, 1.72373784153e-05, 3.34478463628e-05, 1.84001855814e-05, 2.18640579988e-05, 1.76390349225e-05, 1.39590501931e-05, 1.61669067893e-05, 1.09216462079e-05, 8.8513670562e-06, 1.06949719338e-05, 6.54924360788e-06, 5.74382283958e-06, 4.27705708717e-06, 3.9163751353e-06, 3.79135985895e-06, 3.03933234136e-06, 2.0911095362e-06, 1.53270673309e-06, 1.47568096054e-06, 1.43561180721e-06, 1.13225712539e-06, 1.078959599e-06, 8.29539374081e-07, 7.68803033679e-07, 6.09148287367e-07, 4.74922984495e-07, 5.55179553885e-07, 5.64120853142e-07, 7.70182452925e-07, 6.78648234498e-07, 2.17271804104e-07, 1.39010039035e-08, 1.00164134764e-08, 8.23646306713e-09, 7.27550730772e-09, 6.35774055624e-09, 8.45392555959e-09, 9.30443544434e-09, 6.52831477765e-09, 2.64435279229e-10, 1.0433006889e-11, 9.74967762774e-12]
    },
    "mfcc": {
        "mean": [-717.216064453, 101.26890564, 8.73507595062, 25.7126865387, 11.4321155548, 13.3423061371, 3.10322499275, 13.9407634735, 0.0434208363295, 4.55976581573, 2.88243484497, 4.45450305939, -1.03054714203],
        "cov": [[19455.9746094, -2881.50610352, -340.703948975, -60.6007347107, -863.877990723, 131.920761108, 36.7036361694, 551.281616211, -228.363250732, 180.114868164, 234.154525757, 255.9243927, -91.3816833496], [-2881.50610352, 4352.96484375, -967.589050293, 218.482452393, 637.090820312, -239.164794922, 168.653549194, 84.5941925049, 197.689285278, -22.0756835938, 45.5082511902, 80.1506195068, 22.5481281281], [-340.703948975, -967.589050293, 2485.96533203, 334.844299316, 283.3543396, 540.633911133, 3.52050304413, 195.023803711, 94.9036254883, 119.730873108, 117.201942444, 102.887275696, 203.314254761], [-60.6007347107, 218.482452393, 334.844299316, 719.885009766, 282.66619873, 177.512115479, 133.780044556, 32.3451080322, 126.481361389, 126.365013123, 56.6141738892, 35.0425300598, 62.3869056702], [-863.877990723, 637.090820312, 283.3543396, 282.66619873, 742.270996094, 233.981277466, 13.2452468872, 22.4774074554, 153.771316528, 112.80544281, 38.8261451721, 39.6187171936, 90.5426101685], [131.920761108, -239.164794922, 540.633911133, 177.512115479, 233.981277466, 415.830810547, 75.303352356, 89.8292007446, 106.073432922, 100.267173767, 78.5712738037, 66.028137207, 90.9227828979], [36.7036361694, 168.653549194, 3.52050304413, 133.780044556, 13.2452468872, 75.303352356, 374.136901855, 191.30871582, 104.215232849, 64.958152771, 88.9033737183, 100.613044739, 35.1083450317], [551.281616211, 84.5941925049, 195.023803711, 32.3451080322, 22.4774074554, 89.8292007446, 191.30871582, 354.683105469, 114.131324768, 66.4430847168, 108.15990448, 120.052734375, 80.2127304077], [-228.363250732, 197.689285278, 94.9036254883, 126.481361389, 153.771316528, 106.073432922, 104.215232849, 114.131324768, 219.869567871, 95.5421676636, 52.6287002563, 51.1198196411, 67.3880615234], [180.114868164, -22.0756835938, 119.730873108, 126.365013123, 112.80544281, 100.267173767, 64.958152771, 66.4430847168, 95.5421676636, 226.890457153, 102.58996582, 69.7364730835, 71.1611251831], [234.154525757, 45.5082511902, 117.201942444, 56.6141738892, 38.8261451721, 78.5712738037, 88.9033737183, 108.15990448, 52.6287002563, 102.58996582, 180.169586182, 100.053611755, 54.6440429688], [255.9243927, 80.1506195068, 102.887275696, 35.0425300598, 39.6187171936, 66.028137207, 100.613044739, 120.052734375, 51.1198196411, 69.7364730835, 100.053611755, 167.201705933, 73.0316696167], [-91.3816833496, 22.5481281281, 203.314254761, 62.3869056702, 90.5426101685, 90.9227828979, 35.1083450317, 80.2127304077, 67.3880615234, 71.1611251831, 54.6440429688, 73.0316696167, 158.799224854]],
        "icov": [[7.1226277214e-05, 4.83873773192e-05, 5.53201789444e-05, -6.10254101048e-05, 4.55936242361e-05, -6.12702642684e-05, 0.000106497434899, -0.000201725983061, 0.000113874099043, -5.79427105549e-05, -6.02963064011e-06, -0.000112783338409, 0.000106285348011], [4.83873773192e-05, 0.000403029262088, 0.000173255117261, -0.000114852082334, -0.000414042908233, 0.000346471206285, -1.50665882757e-05, -0.000197253699298, -0.00012463312305, 0.000285744637949, -0.000191695246031, -0.000214726882405, 2.41408961301e-05], [5.53201789444e-05, 0.000173255117261, 0.0007246354362, -0.000280189939076, -6.94277332514e-05, -0.000666002568323, 0.000382660364266, -0.000520747096743, 0.000278055202216, 0.000179633512744, -0.000106207648059, -8.16511674202e-05, -0.000335497199558], [-6.10254101048e-05, -0.000114852082334, -0.000280189939076, 0.00205301260576, -0.000456944981124, -0.000102424739453, -0.000916508666705, 0.000746223027818, -0.000434681860497, -0.000581037020311, 2.63339206867e-05, 0.000456391484477, -9.5879251603e-05], [4.55936242361e-05, -0.000414042908233, -6.94277332514e-05, -0.000456944981124, 0.00257079396397, -0.0012965942733, 0.000638088327833, 0.000178976362804, -0.00063421955565, -0.000571553071495, 0.000442207034212, -9.38638841035e-05, -0.000185185184819], [-6.12702642684e-05, 0.000346471206285, -0.000666002568323, -0.000102424739453, -0.0012965942733, 0.00482304347679, -0.000672758324072, 0.000280812033452, -0.000929803354666, 3.51289818354e-05, -0.000739748822525, -9.0640882263e-05, -0.00053177785594], [0.000106497434899, -1.50665882757e-05, 0.000382660364266, -0.000916508666705, 0.000638088327833, -0.000672758324072, 0.00477099651471, -0.00215749628842, -0.000693745154422, 2.21882055484e-05, -0.000306660134811, -0.0014842589153, 0.00106252077967], [-0.000201725983061, -0.000197253699298, -0.000520747096743, 0.000746223027818, 0.000178976362804, 0.000280812033452, -0.00215749628842, 0.00595404906198, -0.00201285211369, 0.000691009918228, -0.00112835178152, -0.0010916532483, -0.00107302214019], [0.000113874099043, -0.00012463312305, 0.000278055202216, -0.000434681860497, -0.00063421955565, -0.000929803354666, -0.000693745154422, -0.00201285211369, 0.00809023529291, -0.002087039873, 0.000746858713683, 0.00060312502319, -0.00107021187432], [-5.79427105549e-05, 0.000285744637949, 0.000179633512744, -0.000581037020311, -0.000571553071495, 3.51289818354e-05, 2.21882055484e-05, 0.000691009918228, -0.002087039873, 0.00773813063279, -0.00342871551402, -0.000370504450984, -0.00135552824941], [-6.02963064011e-06, -0.000191695246031, -0.000106207648059, 2.63339206867e-05, 0.000442207034212, -0.000739748822525, -0.000306660134811, -0.00112835178152, 0.000746858713683, -0.00342871551402, 0.010518216528, -0.00390410469845, 0.000354190997314], [-0.000112783338409, -0.000214726882405, -8.16511674202e-05, 0.000456391484477, -9.38638841035e-05, -9.0640882263e-05, -0.0014842589153, -0.0010916532483, 0.00060312502319, -0.000370504450984, -0.00390410469845, 0.0116656133905, -0.00323567935266], [0.000106285348011, 2.41408961301e-05, -0.000335497199558, -9.5879251603e-05, -0.000185185184819, -0.00053177785594, 0.00106252077967, -0.00107302214019, -0.00107021187432, -0.00135552824941, 0.000354190997314, -0.00323567935266, 0.0099671697244]]
    },
    "spectral_contrast_coeffs": {
        "mean": [-0.729922831059, -0.754295051098, -0.776018202305, -0.787950456142, -0.768556475639, -0.756342589855],
        "stdev": [0.0933738723397, 0.0913655087352, 0.0796909034252, 0.0647775009274, 0.0625663027167, 0.0579216852784]
    },
    "spectral_contrast_valleys": {
        "mean": [-7.65510368347, -7.92042446136, -8.44569683075, -8.54868412018, -8.53680896759, -10.8793048859],
        "stdev": [1.87455797195, 1.60813713074, 1.70256590843, 1.74245500565, 1.95597088337, 2.38928484917]
    }
},
"rhythm": {
    "beats_count": 249,
    "beats_loudness": {
        "mean": 0.100733868778,
        "stdev": 0.10855230689
    },
    "bpm": 126.015289307,
    "bpm_histogram_first_peak_bpm": 126,
    "bpm_histogram_first_peak_weight": 0.225806474686,
    "bpm_histogram_second_peak_bpm": 0,
    "bpm_histogram_second_peak_spread": 0,
    "bpm_histogram_second_peak_weight": 0,
    "danceability": 1.35242342949,
    "onset_rate": 5.19115257263,
    "beats_loudness_band_ratio": {
        "mean": [0.613129019737, 0.0228767357767, 0.0720434114337, 0.0793280825019, 0.108783908188, 0.113205105066],
        "stdev": [0.332494735718, 0.0437798947096, 0.119118817151, 0.105361036956, 0.119597010314, 0.122733719647]
    },
    "beats_position": [0.476009070873, 0.952018141747, 1.42802715302, 1.90403628349, 2.38004541397, 2.85605430603, 3.33206343651, 3.80807256699, 4.28408145905, 4.76009082794, 5.23609972, 5.71210861206, 6.18811798096, 6.66412687302, 7.14013576508, 7.61614513397, 8.09215450287, 8.56816291809, 9.04417228699, 9.52018165588, 9.99619007111, 10.4838094711, 10.95981884, 11.4358272552, 11.9118366241, 12.3762359619, 12.8522443771, 13.328253746, 13.8042631149, 14.2802715302, 14.756280899, 15.2322902679, 15.7082986832, 16.1959171295, 16.6719264984, 17.1479358673, 17.6239452362, 18.0999546051, 18.575963974, 19.0519733429, 19.5279808044, 20.0156002045, 20.4799995422, 20.9560089111, 21.43201828, 21.9196376801, 22.3840351105, 22.8600444794, 23.3360538483, 23.8120632172, 24.2880725861, 24.764081955, 25.2400894165, 25.7277088165, 26.1921081543, 26.6681175232, 27.1441268921, 27.6317462921, 28.0961437225, 28.5721530914, 29.0481624603, 29.5357818604, 30.0001811981, 30.476190567, 30.9521980286, 31.4398174286, 31.9042167664, 32.3802261353, 32.8562355042, 33.3438529968, 33.8082542419, 34.2958717346, 34.7718811035, 35.2478904724, 35.7122879028, 36.1882972717, 36.6643066406, 37.151927948, 37.6163253784, 38.1039466858, 38.57995224, 39.0559616089, 39.520362854, 39.9963722229, 40.4723815918, 40.9599990845, 41.4360084534, 41.9120178223, 42.3880271912, 42.8640365601, 43.340045929, 43.8160552979, 44.2920608521, 44.7680702209, 45.2440795898, 45.7200889587, 46.1960983276, 46.6721076965, 47.1481170654, 47.6241264343, 48.1001358032, 48.5761451721, 49.052154541, 49.5281639099, 50.0041732788, 50.480178833, 50.9561882019, 51.4321975708, 51.9082069397, 52.3842163086, 52.8602256775, 53.3362350464, 53.8122444153, 54.2882537842, 54.7642631531, 55.240272522, 55.7162818909, 56.1922874451, 56.668296814, 57.1443061829, 57.6203155518, 58.0963249207, 58.5723342896, 59.0483436584, 59.5359611511, 60.0003623962, 60.4763717651, 60.952381134, 61.4283905029, 61.9043960571, 62.380405426, 62.8564147949, 63.3324241638, 63.8084335327, 64.2844467163, 64.7604522705, 65.2364578247, 65.7124710083, 66.1884765625, 66.6644897461, 67.1404953003, 67.6165084839, 68.0925140381, 68.5685272217, 69.0445327759, 69.5205459595, 70.0081634521, 70.4725646973, 70.9485702515, 71.4245758057, 71.9005889893, 72.3765945435, 72.8526077271, 73.3286132812, 73.8046264648, 74.2690200806, 74.7450332642, 75.2210388184, 75.697052002, 76.1846694946, 76.6606826782, 77.1366882324, 77.6243057251, 78.1003189087, 78.5763244629, 79.040725708, 79.5167312622, 80.0043487549, 80.4803619385, 80.9563674927, 81.4323806763, 81.9083862305, 82.3843994141, 82.8720169067, 83.3364181519, 83.8124237061, 84.2884368896, 84.7644424438, 85.2404556274, 85.7164611816, 86.1924667358, 86.6800918579, 87.1444854736, 87.6204986572, 88.0965042114, 88.5841217041, 89.0485229492, 89.5361404419, 90.0121536255, 90.4881591797, 90.9641723633, 91.4401779175, 91.9045791626, 92.3921966553, 92.8565979004, 93.3326034546, 93.8086166382, 94.2962341309, 94.760635376, 95.2366409302, 95.7126541138, 96.2002716064, 96.6646728516, 97.1406784058, 97.61668396, 98.104309082, 98.5687026978, 99.0563278198, 99.532333374, 100.008346558, 100.472740173, 100.948753357, 101.424758911, 101.912376404, 102.376777649, 102.864395142, 103.352012634, 103.828025818, 104.304031372, 104.780044556, 105.25605011, 105.732063293, 106.208068848, 106.672470093, 107.148475647, 107.624488831, 108.100494385, 108.576507568, 109.052513123, 109.528526306, 110.00453186, 110.480545044, 110.956550598, 111.432563782, 111.908569336, 112.38457489, 112.860588074, 113.336593628, 113.812606812, 114.288612366, 114.764625549, 115.240631104, 115.716644287, 116.192649841, 116.668663025, 117.144668579, 117.620681763, 118.096687317, 118.572692871],
    "bpm_histogram": [0, 0, 0, 0, 0, 0, 0, 0, 0, 0, 0, 0, 0, 0, 0, 0, 0, 0, 0, 0, 0, 0, 0, 0, 0, 0, 0, 0, 0, 0, 0, 0, 0, 0, 0, 0, 0, 0, 0, 0, 0, 0, 0, 0, 0, 0, 0, 0, 0, 0, 0, 0, 0, 0, 0, 0, 0, 0, 0, 0, 0, 0, 0, 0, 0, 0, 0, 0, 0, 0, 0, 0, 0, 0, 0, 0, 0, 0, 0, 0, 0, 0, 0, 0, 0, 0, 0, 0, 0, 0, 0, 0, 0, 0, 0, 0, 0, 0, 0, 0, 0, 0, 0, 0, 0, 0, 0, 0, 0, 0, 0, 0, 0, 0, 0, 0, 0, 0, 0, 0, 0, 0, 0, 0.12096773833, 0, 0, 0.774193525314, 0, 0, 0.104838706553, 0, 0, 0, 0, 0, 0, 0, 0, 0, 0, 0, 0, 0, 0, 0, 0, 0, 0, 0, 0, 0, 0, 0, 0, 0, 0, 0, 0, 0, 0, 0, 0, 0, 0, 0, 0, 0, 0, 0, 0, 0, 0, 0, 0, 0, 0, 0, 0, 0, 0, 0, 0, 0, 0, 0, 0, 0, 0, 0, 0, 0, 0, 0, 0, 0, 0, 0, 0, 0, 0, 0, 0, 0, 0, 0, 0, 0, 0, 0, 0, 0, 0, 0, 0, 0, 0, 0, 0, 0, 0, 0, 0, 0, 0, 0, 0, 0, 0, 0, 0, 0, 0, 0, 0, 0, 0, 0, 0, 0, 0, 0, 0, 0, 0, 0, 0, 0, 0, 0, 0]
},
"tonal": {
    "chords_changes_rate": 0.0927875265479,
    "chords_number_rate": 0.00467836251482,
    "chords_strength": {
        "mean": 0.450266420841,
        "stdev": 0.098036877811
    },
    "hpcp_crest": {
        "mean": 12.3321046829,
        "stdev": 5.64204072952
    },
    "hpcp_entropy": {
        "mean": 2.14778733253,
        "stdev": 0.748102486134
    },
    "key_edma": {
        "strength": 0.543852448463,
        "key": "D",
        "scale": "minor"
    },
    "key_krumhansl": {
        "strength": 0.537454307079,
        "key": "D",
        "scale": "minor"
    },
    "key_temperley": {
        "strength": 0.545804858208,
        "key": "Bb",
        "scale": "minor"
    },
    "tuning_diatonic_strength": 0.484431058168,
    "tuning_equal_tempered_deviation": 0.199584051967,
    "tuning_frequency": 434.193115234,
    "tuning_nontempered_energy_ratio": 0.85589325428,
    "hpcp": {
        "mean": [0.0972231477499, 0.0942942202091, 0.115151308477, 0.29747903347, 0.314283877611, 0.114383026958, 0.048966832459, 0.0448989607394, 0.0567301660776, 0.0925474613905, 0.0856716111302, 0.0497087351978, 0.0556400716305, 0.061505779624, 0.0479112267494, 0.0408571586013, 0.0429556556046, 0.049893733114, 0.0715340301394, 0.074505969882, 0.0564579553902, 0.0513855740428, 0.0593487434089, 0.09017252177, 0.1348220855, 0.128230005503, 0.133453309536, 0.277557045221, 0.237437486649, 0.0750681385398, 0.0680761709809, 0.0710860192776, 0.0818488895893, 0.117438443005, 0.122604623437, 0.0991060808301],
        "stdev": [0.208413094282, 0.212743833661, 0.214084535837, 0.368504673243, 0.40239790082, 0.211164727807, 0.155366197228, 0.142127096653, 0.148766189814, 0.206863924861, 0.197368711233, 0.134875833988, 0.147914215922, 0.158984139562, 0.124430298805, 0.122822217643, 0.127077192068, 0.131294086576, 0.170828387141, 0.180325269699, 0.158948406577, 0.149729639292, 0.161185532808, 0.19860124588, 0.260488450527, 0.247908100486, 0.220763489604, 0.40018683672, 0.350782930851, 0.17318251729, 0.163687705994, 0.173157274723, 0.186607584357, 0.240204870701, 0.246324628592, 0.208934307098]
    },
    "chords_histogram": [9.23976612091, 4.71734905243, 23.1578941345, 3.23586750031, 0, 11.0721244812, 0.350877195597, 7.64132547379, 0.623781681061, 3.39181280136, 1.16959059238, 0, 0, 0, 0.545808970928, 3.50877189636, 4.52241706848, 0.272904485464, 0.701754391193, 0, 0, 0.623781681061, 13.5672512054, 11.656920433],
    "thpcp": [1, 0.363948136568, 0.155804470181, 0.142861157656, 0.180506125093, 0.294470906258, 0.272593080997, 0.158165082335, 0.177037626505, 0.195701345801, 0.152445703745, 0.130000814795, 0.136677891016, 0.158753708005, 0.227609604597, 0.237065836787, 0.179639995098, 0.163500502706, 0.188838019967, 0.286914259195, 0.428981870413, 0.408006936312, 0.424626648426, 0.883141219616, 0.755487322807, 0.238854557276, 0.216607257724, 0.226184114814, 0.260429799557, 0.373669952154, 0.390107899904, 0.315339386463, 0.309348195791, 0.300028830767, 0.366392672062, 0.946529746056],
    "chords_key": "F",
    "chords_scale": "minor"
}
}