{
"metadata": {
    "version": {
        "essentia": "2.1-beta6-dev",
        "essentia_git_sha": "v2.1_beta5-1177-g1d1cc983",
        "extractor": "music 2.0"
    },
    "audio_properties": {
        "analysis": {
            "equal_loudness": 0,
            "length": 288.533325195,
            "sample_rate": 44100,
            "start_time": 0,
            "downmix": "mix"
        },
        "bit_rate": 1536000,
        "length": 288.533325195,
        "lossless": 1,
        "number_channels": 2,
        "replay_gain": -14.9985179901,
        "sample_rate": 48000,
        "codec": "pcm_s16le",
        "md5_encoded": "32019403c4acb2dc37b31226e5f4a6e9"
    },
    "tags": {
        "file_name": "Billy Idol - Rebel Yell.wav",
        "album": ["Rebel Yell"],
        "artist": ["Billy Idol"],
        "audiosourcewebpage": [""],
        "composer": ["CAPITOL CATALOG MKT (C92)"],
        "copyright": ["© 2017 Capitol Records, LLC"],
        "date": ["1983-11-01"],
        "isrc": ["USCH38400024"],
        "title": ["Rebel Yell"],
        "tracknumber": ["1\/9"]
    }
},
"lowlevel": {
    "average_loudness": 0.839375138283,
    "barkbands_crest": {
        "mean": 9.29392528534,
        "stdev": 3.95511412621
    },
    "barkbands_flatness_db": {
        "mean": 0.131194397807,
        "stdev": 0.0520961880684
    },
    "barkbands_kurtosis": {
        "mean": 6.35244560242,
        "stdev": 16.2183914185
    },
    "barkbands_skewness": {
        "mean": 1.7309743166,
        "stdev": 1.6624519825
    },
    "barkbands_spread": {
        "mean": 24.0545864105,
        "stdev": 14.100440979
    },
    "dissonance": {
        "mean": 0.474933534861,
        "stdev": 0.0212854314595
    },
    "dynamic_complexity": 3.21233081818,
    "erbbands_crest": {
        "mean": 8.44023227692,
        "stdev": 4.05690002441
    },
    "erbbands_flatness_db": {
        "mean": 0.145613282919,
        "stdev": 0.0430934540927
    },
    "erbbands_kurtosis": {
        "mean": 0.26810503006,
        "stdev": 1.96030437946
    },
    "erbbands_skewness": {
        "mean": -0.0215433575213,
        "stdev": 0.796551287174
    },
    "erbbands_spread": {
        "mean": 42.9845466614,
        "stdev": 21.2798290253
    },
    "hfc": {
        "mean": 21.1929321289,
        "stdev": 19.0405521393
    },
    "loudness_ebu128": {
        "integrated": -7.76676082611,
        "loudness_range": 4.6378698349,
        "momentary": {
            "mean": -8.87027072906,
            "stdev": 6.07771587372
        },
        "short_term": {
            "mean": -8.24531364441,
            "stdev": 2.87031579018
        }
    },
    "melbands_crest": {
        "mean": 13.8017559052,
        "stdev": 4.90073347092
    },
    "melbands_flatness_db": {
        "mean": 0.206274941564,
        "stdev": 0.0679631903768
    },
    "melbands_kurtosis": {
        "mean": 20.1099700928,
        "stdev": 34.3972167969
    },
    "melbands_skewness": {
        "mean": 3.12248420715,
        "stdev": 2.15785813332
    },
    "melbands_spread": {
        "mean": 24.4827289581,
        "stdev": 17.9011516571
    },
    "pitch_salience": {
        "mean": 0.555038332939,
        "stdev": 0.108356386423
    },
    "silence_rate_20dB": {
        "mean": 1,
        "stdev": 0
    },
    "silence_rate_30dB": {
        "mean": 0.991712272167,
        "stdev": 0.0906588211656
    },
    "silence_rate_60dB": {
        "mean": 0.0337141938508,
        "stdev": 0.180473029613
    },
    "spectral_centroid": {
        "mean": 1410.74609375,
        "stdev": 612.185913086
    },
    "spectral_complexity": {
        "mean": 21.8623275757,
        "stdev": 11.7387094498
    },
    "spectral_decrease": {
        "mean": -7.63461205366e-09,
        "stdev": 6.03200289717e-09
    },
    "spectral_energy": {
        "mean": 0.0307371392846,
        "stdev": 0.023630483076
    },
    "spectral_energyband_high": {
        "mean": 0.000786252901889,
        "stdev": 0.00147404510062
    },
    "spectral_energyband_low": {
        "mean": 0.0149561883882,
        "stdev": 0.0197280663997
    },
    "spectral_energyband_middle_high": {
        "mean": 0.00614486355335,
        "stdev": 0.0073458943516
    },
    "spectral_energyband_middle_low": {
        "mean": 0.0104058654979,
        "stdev": 0.00889782421291
    },
    "spectral_entropy": {
        "mean": 7.65489387512,
        "stdev": 0.338169455528
    },
    "spectral_flux": {
        "mean": 0.096984103322,
        "stdev": 0.0533880107105
    },
    "spectral_kurtosis": {
        "mean": 4.31669521332,
        "stdev": 2.39470624924
    },
    "spectral_rms": {
        "mean": 0.00510348472744,
        "stdev": 0.00198539230041
    },
    "spectral_rolloff": {
        "mean": 1400.94238281,
        "stdev": 1679.67089844
    },
    "spectral_skewness": {
        "mean": 1.40196669102,
        "stdev": 0.367396712303
    },
    "spectral_spread": {
        "mean": 4243701.5,
        "stdev": 1654205.25
    },
    "spectral_strongpeak": {
        "mean": 0.836768209934,
        "stdev": 1.3543856144
    },
    "zerocrossingrate": {
        "mean": 0.0565301440656,
        "stdev": 0.0403756424785
    },
    "barkbands": {
        "mean": [0.000213339735637, 0.00832704920322, 0.00491063762456, 0.00339231151156, 0.00223966385238, 0.00145156646613, 0.000859109335579, 0.000868448463734, 0.00146457192022, 0.000363778031897, 0.000611056631897, 0.00106362113729, 0.000552776793484, 0.000723190314602, 0.000463407370262, 0.000681575620547, 0.000686155690346, 0.00053092604503, 0.000430716347182, 0.000228526681894, 0.000173740554601, 0.000192666804651, 0.000139738622238, 8.31152210594e-05, 5.57506427867e-05, 2.50230496022e-05, 4.63898049929e-06],
        "stdev": [0.00035098331864, 0.014602242969, 0.00654256297275, 0.00469496613368, 0.00259087467566, 0.00227619358338, 0.00163317355327, 0.00190495152492, 0.002829445526, 0.00086265389109, 0.00196096184663, 0.00339730875567, 0.00146726309322, 0.00163049285766, 0.00106712116394, 0.00120781932492, 0.000892654410563, 0.000858501938637, 0.000647040491458, 0.000358090532245, 0.000288524344796, 0.000518825370818, 0.000411194108892, 0.000188523175893, 0.000119968572108, 5.62139975955e-05, 1.02455187516e-05]
    },
    "erbbands": {
        "mean": [0.232087567449, 1.90645289421, 5.4416847229, 8.58324813843, 11.105594635, 6.27785539627, 6.0331993103, 14.0658102036, 10.8304605484, 20.006980896, 17.6672496796, 30.7595920563, 23.8566589355, 14.0341444016, 39.6842918396, 33.8325157166, 24.843662262, 40.0537757874, 28.5198040009, 22.8889408112, 41.8187980652, 38.1044082642, 31.0321502686, 24.7615356445, 17.9733963013, 11.0552806854, 7.6985669136, 6.4469037056, 6.65281915665, 5.92426204681, 3.74792718887, 2.12802743912, 1.2141456604, 0.696615636349, 0.345068544149, 0.141168832779, 0.0405746437609, 0.00691635115072, 0.000822388683446, 8.22776710265e-05],
        "stdev": [0.405693799257, 3.51116871834, 8.09793663025, 9.57991313934, 14.3611249924, 8.89704322815, 8.63170146942, 24.0786361694, 19.3673248291, 42.6359100342, 36.6416816711, 67.9631118774, 46.5146369934, 29.7728710175, 107.861701965, 93.7628173828, 57.483669281, 93.5775527954, 55.5860710144, 45.8854560852, 66.4421463013, 49.8624725342, 46.1586608887, 38.396320343, 26.3478679657, 16.9166793823, 11.3220252991, 12.8391923904, 17.7349739075, 17.5059127808, 11.1527738571, 5.06680727005, 2.71261024475, 1.5014500618, 0.782652080059, 0.315095841885, 0.0915891453624, 0.0161700770259, 0.00179055775516, 0.000108908694529]
    },
    "gfcc": {
        "mean": [-0.153004586697, 97.0467224121, -114.112075806, 46.2989006042, -42.121055603, 10.7842550278, -31.2532062531, 10.5771455765, -15.8474559784, -2.4974167347, -16.6856193542, -3.96118450165, -13.062836647],
        "cov": [[11167.1064453, -463.169830322, -577.383544922, 334.364959717, -343.850738525, 448.378295898, -364.975463867, 249.045410156, -274.820556641, 179.032028198, -158.704803467, 143.733657837, -277.765625], [-463.169830322, 1116.80371094, -325.022094727, 50.0699882507, 132.12046814, -130.825942993, 135.292953491, 7.96906995773, 108.774208069, -71.1456680298, 107.908981323, -82.9899902344, 93.7908477783], [-577.383544922, -325.022094727, 1040.63806152, 146.626098633, -34.4464874268, 112.477828979, -59.3534889221, 1.99377632141, -9.33787631989, 60.689365387, -70.1259384155, 29.2403831482, -40.3303451538], [334.364959717, 50.0699882507, 146.626098633, 325.173950195, 26.7554264069, 18.2642879486, -47.6135215759, -31.9910335541, 28.119550705, 0.172651350498, -10.8747825623, -21.9926147461, 21.1120796204], [-343.850738525, 132.12046814, -34.4464874268, 26.7554264069, 316.448455811, 25.2725791931, 52.9517631531, 18.7385673523, 1.84969830513, 15.0259113312, 9.93247509003, -13.7516040802, 20.533613205], [448.378295898, -130.825942993, 112.477828979, 18.2642879486, 25.2725791931, 211.378372192, 51.9514427185, 34.6341094971, -48.9405517578, 2.65035653114, -3.82775354385, 18.5579853058, -34.3961906433], [-364.975463867, 135.292953491, -59.3534889221, -47.6135215759, 52.9517631531, 51.9514427185, 184.612121582, 47.7207374573, -6.97425031662, -39.54139328, 17.5623188019, -7.72186994553, 8.12571525574], [249.045410156, 7.96906995773, 1.99377632141, -31.9910335541, 18.7385673523, 34.6341094971, 47.7207374573, 116.060913086, 26.8744544983, 9.45075130463, -7.38720560074, 4.50719499588, -9.38329601288], [-274.820556641, 108.774208069, -9.33787631989, 28.119550705, 1.84969830513, -48.9405517578, -6.97425031662, 26.8744544983, 120.384803772, 26.1149787903, 3.74194169044, -29.1524353027, 14.2135839462], [179.032028198, -71.1456680298, 60.689365387, 0.172651350498, 15.0259113312, 2.65035653114, -39.54139328, 9.45075130463, 26.1149787903, 88.054901123, 7.06165504456, 2.70304727554, -18.982509613], [-158.704803467, 107.908981323, -70.1259384155, -10.8747825623, 9.93247509003, -3.82775354385, 17.5623188019, -7.38720560074, 3.74194169044, 7.06165504456, 92.9596557617, 15.8515300751, 1.10161674023], [143.733657837, -82.9899902344, 29.2403831482, -21.9926147461, -13.7516040802, 18.5579853058, -7.72186994553, 4.50719499588, -29.1524353027, 2.70304727554, 15.8515300751, 72.7740936279, 5.86900997162], [-277.765625, 93.7908477783, -40.3303451538, 21.1120796204, 20.533613205, -34.3961906433, 8.12571525574, -9.38329601288, 14.2135839462, -18.982509613, 1.10161674023, 5.86900997162, 71.8317642212]],
        "icov": [[0.000290301744826, -0.00031700564432, 0.000462449912447, -0.000613063457422, 0.000437880837126, -0.000598230515607, 0.000759385002311, -0.00096756243147, 0.00100269133691, -0.000922424311284, 0.00100199237932, -0.000789850193541, 0.000959385477472], [-0.00031700564432, 0.00212745787576, -0.000362925202353, 0.000385094608646, -0.000918220554013, 0.0013896713499, -0.0016442888882, 0.000837664119899, -0.00193518539891, 0.00215356214903, -0.00320690823719, 0.00258959946223, -0.00230763107538], [0.000462449912447, -0.000362925202353, 0.00201092171483, -0.00157797860447, 0.000824808201287, -0.00141024892218, 0.00110523367766, -0.00135740765836, 0.00139531609602, -0.00221756054088, 0.00250300928019, -0.00195242906921, 0.00190055521671], [-0.000613063457422, 0.000385094608646, -0.00157797860447, 0.00538111524656, -0.00132960628252, -4.62419338874e-05, -4.98801236972e-05, 0.00305641652085, -0.00328379566781, 0.00284880329855, -0.00218424736522, 0.00280254217796, -0.00337103800848], [0.000437880837126, -0.000918220554013, 0.000824808201287, -0.00132960628252, 0.00446565961465, -0.00136158580426, 0.000164630779182, -0.00178704364225, 0.00252819224261, -0.00349741009995, 0.00183752586599, -0.000596577010583, 0.000161511474289], [-0.000598230515607, 0.0013896713499, -0.00141024892218, -4.62419338874e-05, -0.00136158580426, 0.00883198902011, -0.00413099396974, 2.7604153729e-05, 0.000631183909718, 0.00150576606393, -0.00274966354482, 0.00113250268623, 0.000405944330851], [0.000759385002311, -0.0016442888882, 0.00110523367766, -4.98801236972e-05, 0.000164630779182, -0.00413099396974, 0.0112513247877, -0.00553809478879, 0.00285368016921, 0.00152440171223, 0.00111487763934, -0.000494727981277, 0.00155874784105], [-0.00096756243147, 0.000837664119899, -0.00135740765836, 0.00305641652085, -0.00178704364225, 2.7604153729e-05, -0.00553809478879, 0.0156459566206, -0.00796424690634, 0.00188151409384, -0.000511646212544, -0.000620553910267, -0.00116961146705], [0.00100269133691, -0.00193518539891, 0.00139531609602, -0.00328379566781, 0.00252819224261, 0.000631183909718, 0.00285368016921, -0.00796424690634, 0.017517702654, -0.00824155472219, 0.00277575990185, 0.00204997672699, 0.000514697865583], [-0.000922424311284, 0.00215356214903, -0.00221756054088, 0.00284880329855, -0.00349741009995, 0.00150576606393, 0.00152440171223, 0.00188151409384, -0.00824155472219, 0.0205031167716, -0.00675819860771, 0.00241580954753, 0.000288213253953], [0.00100199237932, -0.00320690823719, 0.00250300928019, -0.00218424736522, 0.00183752586599, -0.00274966354482, 0.00111487763934, -0.000511646212544, 0.00277575990185, -0.00675819860771, 0.0191973205656, -0.00942324288189, 0.00621460098773], [-0.000789850193541, 0.00258959946223, -0.00195242906921, 0.00280254217796, -0.000596577010583, 0.00113250268623, -0.000494727981277, -0.000620553910267, 0.00204997672699, 0.00241580954753, -0.00942324288189, 0.0229935906827, -0.00916907656938], [0.000959385477472, -0.00230763107538, 0.00190055521671, -0.00337103800848, 0.000161511474289, 0.000405944330851, 0.00155874784105, -0.00116961146705, 0.000514697865583, 0.000288213253953, 0.00621460098773, -0.00916907656938, 0.0231494661421]]
    },
    "melbands": {
        "mean": [0.00219710730016, 0.00270631932653, 0.00163616938516, 0.000595794932451, 0.000215685475268, 0.000301264779409, 0.000171507679624, 0.000215501888306, 0.000139317242429, 0.000210421523661, 0.000114715927339, 4.93173720315e-05, 0.000113200752821, 0.000137459166581, 4.85690070491e-05, 6.85115373926e-05, 7.15835994924e-05, 4.55558329122e-05, 3.19647588185e-05, 3.7005480408e-05, 5.04735216964e-05, 3.85517341783e-05, 3.47005188814e-05, 2.46149829763e-05, 1.96392284124e-05, 1.53173805302e-05, 9.59242788667e-06, 6.82479139869e-06, 4.75862361782e-06, 4.34275989392e-06, 3.51716971636e-06, 3.62367245543e-06, 3.94821017835e-06, 3.00812780551e-06, 2.22714584197e-06, 1.68901476627e-06, 1.14845579446e-06, 8.63690729602e-07, 7.33216893423e-07, 5.33089178134e-07],
        "stdev": [0.00375764258206, 0.00410549901426, 0.00179969018791, 0.000693939509802, 0.000297282356769, 0.000500948925037, 0.000296758662444, 0.000458066788269, 0.000288265844574, 0.00045135820983, 0.000232191043324, 0.000115982446005, 0.000324058142724, 0.000450738618383, 0.000124912403408, 0.000175710214535, 0.000171055507963, 9.06922214199e-05, 7.96745589469e-05, 7.91057755123e-05, 7.74081636337e-05, 5.22929658473e-05, 5.11613980052e-05, 4.54454238934e-05, 3.17946360155e-05, 2.47249663516e-05, 1.50531795953e-05, 1.14401855171e-05, 7.35446565159e-06, 7.22859704183e-06, 7.86020336818e-06, 9.69476604951e-06, 1.17719382615e-05, 9.12066388992e-06, 7.01514409229e-06, 4.44821580459e-06, 2.74184571936e-06, 1.96950009013e-06, 1.67398195572e-06, 1.15608042961e-06]
    },
    "melbands128": {
        "mean": [0.000201903472771, 0.00168984150514, 0.00308264186606, 0.00310628279112, 0.00290687358938, 0.00228312774561, 0.00165366393048, 0.00179994991049, 0.00111110252328, 0.000472393119708, 0.000314828794217, 0.000202631767024, 0.000176299945451, 0.000237631742493, 0.00034376984695, 0.000351165333996, 0.000172150859726, 0.000125300211948, 0.000161952877534, 0.000287560513243, 0.000194651613128, 0.000145784943015, 0.000131798733491, 0.000121747005323, 0.000199962654733, 0.000242627793341, 0.000254455080722, 6.75367700751e-05, 3.94115195377e-05, 5.15814208484e-05, 4.38612587459e-05, 6.04078741162e-05, 0.000122805024148, 0.000118944983114, 0.000219493173063, 0.000115896007628, 5.82981447224e-05, 4.71359562653e-05, 4.13844391005e-05, 4.47547718068e-05, 6.49149369565e-05, 0.000121288940136, 7.62952477089e-05, 4.78855799884e-05, 4.37023882114e-05, 4.61407544208e-05, 4.70873783343e-05, 3.60209196515e-05, 2.10529960896e-05, 2.58513209701e-05, 3.81748359359e-05, 4.62532843812e-05, 6.33716554148e-05, 4.46801350336e-05, 4.01130782848e-05, 3.49740948877e-05, 4.09289641539e-05, 4.20445830969e-05, 3.02739663312e-05, 2.3548864192e-05, 2.79518044408e-05, 2.23592069233e-05, 1.79725084308e-05, 2.02417431865e-05, 1.96764922293e-05, 1.49456045619e-05, 1.35977043101e-05, 1.10026794573e-05, 8.64800676936e-06, 7.34658442525e-06, 7.44300132283e-06, 6.50817582937e-06, 4.54482551504e-06, 4.82931181978e-06, 4.20922560807e-06, 4.82918449052e-06, 4.24856261816e-06, 3.37339565704e-06, 3.49419428858e-06, 3.5428481624e-06, 3.42982843904e-06, 3.64370384887e-06, 4.05121227232e-06, 4.15705517298e-06, 3.7752326989e-06, 3.19173932439e-06, 2.8581123388e-06, 2.36902837969e-06, 2.22806602324e-06, 2.08895266951e-06, 1.88397291367e-06, 1.60274635164e-06, 1.31804074499e-06, 1.14988790756e-06, 1.06409834189e-06, 8.81856067281e-07, 8.74354668667e-07, 7.28980012354e-07, 7.72830617279e-07, 7.22540903553e-07, 5.91950993112e-07, 4.79270227061e-07, 5.00275803006e-07, 3.81510943726e-07, 4.26400845299e-07, 3.39172913755e-07, 3.36683967816e-07, 2.52950911772e-07, 2.21277630885e-07, 2.29210655789e-07, 2.0686360358e-07, 1.36234291404e-07, 1.23300551991e-07, 8.94481857472e-08, 8.21476007218e-08, 6.2033443271e-08, 4.09202378648e-08, 3.39709487207e-08, 2.90806934089e-08, 2.32799575173e-08, 2.17984315043e-08, 1.74421241894e-08, 1.54871049318e-08, 1.40022962114e-08, 7.9940463138e-09, 9.09389674675e-10, 3.79713578288e-12, 3.49447185598e-12],
        "stdev": [0.000339554011589, 0.00313710304908, 0.00564946280792, 0.00644548144192, 0.00510625261813, 0.00283989286982, 0.00196759519167, 0.00269236811437, 0.0015442649601, 0.000712029868737, 0.000583660672419, 0.000377250020392, 0.000318572245305, 0.000455771543784, 0.00066100328695, 0.000680497498251, 0.000367837026715, 0.000350048736436, 0.00039227103116, 0.000721195247024, 0.000552346697077, 0.00044369182433, 0.000375638453988, 0.000348556233803, 0.000649425957818, 0.000675152055919, 0.000606839777902, 0.000205332471523, 0.000128410552861, 0.00015861443535, 0.000134544898174, 0.000230771896895, 0.000507826684043, 0.000456621375633, 0.000890971161425, 0.000484896008857, 0.000164940720424, 0.000169738952536, 0.000151500018546, 0.00015905800683, 0.000260931672528, 0.000375716539565, 0.000250732206041, 0.000132021508762, 0.000122179015307, 0.000116364884889, 0.000158663737238, 0.000129685213324, 6.79362565279e-05, 8.81122250576e-05, 0.000106757819594, 0.000147091734107, 0.000127899402287, 7.17591756256e-05, 6.75367555232e-05, 6.50910005788e-05, 8.4878585767e-05, 7.41594121791e-05, 6.07080473856e-05, 5.19419918419e-05, 6.58165445202e-05, 5.13359882461e-05, 3.59247715096e-05, 3.7282876292e-05, 4.18443814851e-05, 2.83613389911e-05, 2.63730562438e-05, 1.88870453712e-05, 1.76902012754e-05, 1.49790384967e-05, 1.47594037117e-05, 1.3427697013e-05, 9.5019067885e-06, 8.43310499477e-06, 7.72967268858e-06, 8.24602193461e-06, 8.33743706607e-06, 7.78094999987e-06, 8.51340428198e-06, 9.19187550608e-06, 1.00905554064e-05, 1.08077410914e-05, 1.2832545508e-05, 1.33918283609e-05, 1.16327773867e-05, 1.0830807696e-05, 8.79537583387e-06, 8.06735624792e-06, 7.39493725632e-06, 7.11719258106e-06, 5.43310216017e-06, 4.28196426583e-06, 3.38019322044e-06, 2.87082889372e-06, 2.74137369161e-06, 2.18893774218e-06, 2.02197156796e-06, 1.84678526693e-06, 1.98302313947e-06, 1.6139077843e-06, 1.35772813792e-06, 1.08580513825e-06, 1.17390061405e-06, 9.42744634358e-07, 1.08044980607e-06, 8.19962906462e-07, 7.97164204869e-07, 6.03577461789e-07, 5.11951668614e-07, 5.38100550784e-07, 5.14106318406e-07, 3.21220483102e-07, 2.95388844052e-07, 2.13442547192e-07, 2.05282319143e-07, 1.57500352316e-07, 1.04741069151e-07, 8.87687363615e-08, 7.03865339347e-08, 5.37619015972e-08, 5.09877082777e-08, 3.94989889685e-08, 3.42062449477e-08, 3.09941192711e-08, 1.82430337503e-08, 2.23626095419e-09, 5.93819438066e-12, 5.45448018349e-12]
    },
    "mfcc": {
        "mean": [-640.464660645, 121.707054138, -5.02120113373, 38.1048316956, 12.4491634369, 7.79409408569, -0.909137308598, 10.1886558533, 3.27153348923, 5.13416051865, 1.80258738995, 1.64676129818, -2.77941155434],
        "cov": [[8442.54882812, -335.404327393, -288.058013916, -160.056442261, 7.69143676758, 15.670715332, 12.9210720062, 67.2542572021, -142.732894897, 13.6611280441, 126.091400146, -26.735912323, -72.5434799194], [-335.404327393, 952.14251709, -279.77835083, 114.1251297, -5.27095508575, -64.1827545166, 47.1750640869, 34.9263076782, 42.5232810974, 49.79063797, -3.28914380074, 59.4060020447, 4.31929922104], [-288.058013916, -279.77835083, 903.222045898, 66.3571090698, 57.1685256958, 87.1881866455, -39.5720367432, -2.41158699989, -6.17812538147, 3.76881933212, 39.5890083313, -64.3497085571, 3.86951065063], [-160.056442261, 114.1251297, 66.3571090698, 278.939086914, 93.3978652954, 26.2932548523, -38.0183906555, -28.7823238373, 27.506975174, 23.0433311462, -19.1541137695, -7.90819215775, -6.53710412979], [7.69143676758, -5.27095508575, 57.1685256958, 93.3978652954, 222.187240601, 65.4447174072, 11.6585092545, -24.8597602844, 17.1896057129, 22.5387306213, 17.2504272461, -1.10066497326, -10.4812641144], [15.670715332, -64.1827545166, 87.1881866455, 26.2932548523, 65.4447174072, 142.997543335, 64.1103668213, 12.8475055695, -1.02488791943, -2.51473665237, 13.2477560043, -9.72655487061, -10.3924074173], [12.9210720062, 47.1750640869, -39.5720367432, -38.0183906555, 11.6585092545, 64.1103668213, 186.366882324, 79.1355514526, 3.41342115402, -8.56745147705, 11.6282844543, 12.5949792862, -6.02015972137], [67.2542572021, 34.9263076782, -2.41158699989, -28.7823238373, -24.8597602844, 12.8475055695, 79.1355514526, 127.292259216, 24.7580947876, 5.23616123199, 7.86880779266, -2.49223089218, 3.52442383766], [-142.732894897, 42.5232810974, -6.17812538147, 27.506975174, 17.1896057129, -1.02488791943, 3.41342115402, 24.7580947876, 110.784538269, 35.1894989014, -4.29304647446, -3.96799564362, -9.53181743622], [13.6611280441, 49.79063797, 3.76881933212, 23.0433311462, 22.5387306213, -2.51473665237, -8.56745147705, 5.23616123199, 35.1894989014, 96.9831085205, 37.1659927368, 4.17531871796, -14.5055608749], [126.091400146, -3.28914380074, 39.5890083313, -19.1541137695, 17.2504272461, 13.2477560043, 11.6282844543, 7.86880779266, -4.29304647446, 37.1659927368, 86.0320205688, 19.3643398285, -4.84364700317], [-26.735912323, 59.4060020447, -64.3497085571, -7.90819215775, -1.10066497326, -9.72655487061, 12.5949792862, -2.49223089218, -3.96799564362, 4.17531871796, 19.3643398285, 64.9589233398, 20.0444126129], [-72.5434799194, 4.31929922104, 3.86951065063, -6.53710412979, -10.4812641144, -10.3924074173, -6.02015972137, 3.52442383766, -9.53181743622, -14.5055608749, -4.84364700317, 20.0444126129, 61.2091522217]],
        "icov": [[0.000133067558636, 5.40908258699e-05, 8.17463296698e-05, 1.50435380419e-05, -4.31415610365e-05, -5.74453497393e-06, 8.02779613878e-05, -0.00016533076996, 0.000199665184482, 5.62698119211e-07, -0.000217836946831, 9.81293633231e-05, 0.000141236072523], [5.40908258699e-05, 0.00144848728087, 0.000364272884326, -0.000839996733703, 0.000129164909595, 0.000736667832825, -0.000566354428884, -0.000297207501717, -3.11347830575e-05, -0.000555968144909, 1.75365385076e-05, -0.000833796395455, 9.55867944867e-05], [8.17463296698e-05, 0.000364272884326, 0.00153841683641, -0.000456972891698, -6.3030884121e-06, -0.000703220197465, 0.000488285033498, -0.000350851536496, 0.000110182212666, 0.00018666194228, -0.00130107952282, 0.00154621363617, -0.000675039482303], [1.50435380419e-05, -0.000839996733703, -0.000456972891698, 0.00524853728712, -0.00186818034854, -0.00107332947664, 0.00142661924474, 0.000241591755184, -0.000435601512436, -0.000867452356033, 0.00204964238219, -0.000151640604599, 0.00022924633231], [-4.31415610365e-05, 0.000129164909595, -6.3030884121e-06, -0.00186818034854, 0.00641073146835, -0.00228293519467, -0.000712115550414, 0.0017590385396, -0.000899236998521, -0.000570117495954, -0.00113282899838, -5.72473545617e-05, -6.65861880407e-05], [-5.74453497393e-06, 0.000736667832825, -0.000703220197465, -0.00107332947664, -0.00228293519467, 0.0112164495513, -0.00458392128348, 0.00082787766587, 0.000186941790162, 0.00067680189386, -0.00111748126801, 0.00117298623081, 0.000602931890171], [8.02779613878e-05, -0.000566354428884, 0.000488285033498, 0.00142661924474, -0.000712115550414, -0.00458392128348, 0.0103044379503, -0.00593951763585, 0.000745232158806, 0.00128865812439, 7.3442060966e-05, -0.0023656305857, 0.00191379641183], [-0.00016533076996, -0.000297207501717, -0.000350851536496, 0.000241591755184, 0.0017590385396, 0.00082787766587, -0.00593951763585, 0.0128525290638, -0.0031822079327, -0.000377114629373, -0.00114050123375, 0.00264058657922, -0.00254933605902], [0.000199665184482, -3.11347830575e-05, 0.000110182212666, -0.000435601512436, -0.000899236998521, 0.000186941790162, 0.000745232158806, -0.0031822079327, 0.0118970703334, -0.00455591501668, 0.0026012705639, -0.000270989869023, 0.00138721964322], [5.62698119211e-07, -0.000555968144909, 0.00018666194228, -0.000867452356033, -0.000570117495954, 0.00067680189386, 0.00128865812439, -0.000377114629373, -0.00455591501668, 0.0159568544477, -0.00756108900532, 0.000634980504401, 0.00236697145738], [-0.000217836946831, 1.75365385076e-05, -0.00130107952282, 0.00204964238219, -0.00113282899838, -0.00111748126801, 7.3442060966e-05, -0.00114050123375, 0.0026012705639, -0.00756108900532, 0.0185629893094, -0.00691988924518, 0.0020791743882], [9.81293633231e-05, -0.000833796395455, 0.00154621363617, -0.000151640604599, -5.72473545617e-05, 0.00117298623081, -0.0023656305857, 0.00264058657922, -0.000270989869023, 0.000634980504401, -0.00691988924518, 0.0229462683201, -0.00808778498322], [0.000141236072523, 9.55867944867e-05, -0.000675039482303, 0.00022924633231, -6.65861880407e-05, 0.000602931890171, 0.00191379641183, -0.00254933605902, 0.00138721964322, 0.00236697145738, 0.0020791743882, -0.00808778498322, 0.0205812454224]]
    },
    "spectral_contrast_coeffs": {
        "mean": [-0.722723186016, -0.77252048254, -0.76743298769, -0.793150961399, -0.790892422199, -0.755056381226],
        "stdev": [0.0595581382513, 0.0657762438059, 0.0656670629978, 0.0483798310161, 0.0417047441006, 0.0371739082038]
    },
    "spectral_contrast_valleys": {
        "mean": [-6.43136739731, -6.74613189697, -7.5104227066, -7.46330976486, -7.33177423477, -10.3527669907],
        "stdev": [1.07481658459, 1.03470778465, 1.07439136505, 1.1268556118, 1.1009516716, 1.24437320232]
    }
},
"rhythm": {
    "beats_count": 798,
    "beats_loudness": {
        "mean": 0.0542568229139,
        "stdev": 0.0233476944268
    },
    "bpm": 165.763397217,
    "bpm_histogram_first_peak_bpm": 167,
    "bpm_histogram_first_peak_weight": 0,
    "bpm_histogram_second_peak_bpm": 161,
    "bpm_histogram_second_peak_spread": 0.0434782505035,
    "bpm_histogram_second_peak_weight": 0.165621072054,
    "danceability": 1.19805133343,
    "onset_rate": 3.63189768791,
    "beats_loudness_band_ratio": {
        "mean": [0.700477838516, 0.0680047720671, 0.0739319175482, 0.0596494972706, 0.0661011859775, 0.0545927211642],
        "stdev": [0.210028722882, 0.0565752610564, 0.0862538143992, 0.0881829336286, 0.082973331213, 0.0639371201396]
    },
    "beats_position": [0.348299324512, 0.719818592072, 1.09133780003, 1.47446703911, 1.8575963974, 2.22911548615, 2.61224484444, 2.99537420273, 3.3785033226, 3.76163268089, 4.13315200806, 4.5046710968, 4.87619018555, 5.24770975113, 5.60761880875, 5.9675283432, 6.32743740082, 6.68734693527, 7.04725599289, 7.39555549622, 7.75546455383, 8.11537361145, 8.47528362274, 8.83519268036, 9.19510173798, 9.55501079559, 9.92653083801, 10.2864398956, 10.6463489532, 11.0062580109, 11.354557991, 11.7144670486, 12.0743761063, 12.445895195, 12.8058052063, 13.1657142639, 13.5256233215, 13.8855323792, 14.2454423904, 14.6053514481, 14.9652605057, 15.3251695633, 15.6850786209, 16.0449886322, 16.4048976898, 16.7648067474, 17.1247158051, 17.4846248627, 17.8445339203, 18.2044448853, 18.575963974, 18.9358730316, 19.3073921204, 19.667301178, 20.0272102356, 20.3871192932, 20.7470283508, 21.1069393158, 21.4668483734, 21.826757431, 22.1866664886, 22.5465755463, 22.9064846039, 23.2663936615, 23.6263027191, 23.9862117767, 24.3461227417, 24.7060317993, 25.0543308258, 25.4258499146, 25.7973690033, 26.1572780609, 26.5171871185, 26.8770961761, 27.2370071411, 27.5969161987, 27.9568252563, 28.3283443451, 28.6882534027, 29.0481624603, 29.4080715179, 29.7679805756, 30.1278915405, 30.4878005981, 30.8593196869, 31.2192287445, 31.5791378021, 31.9390468597, 32.2989578247, 32.6704750061, 33.0303840637, 33.3786849976, 33.7385940552, 34.0985031128, 34.4584121704, 34.818321228, 35.1782302856, 35.5265312195, 35.8980484009, 36.2579574585, 36.6178665161, 36.9893875122, 37.3609046936, 37.7208137512, 38.0807266235, 38.4406356812, 38.8005447388, 39.1604537964, 39.520362854, 39.8802719116, 40.2401809692, 40.6000900269, 40.9599990845, 41.3083000183, 41.6682090759, 42.0281181335, 42.3880271912, 42.7479362488, 43.1194534302, 43.4793624878, 43.8392753601, 44.1991844177, 44.5590934753, 44.919002533, 45.2789115906, 45.6388206482, 45.9987297058, 46.3586387634, 46.718547821, 47.0784568787, 47.4383659363, 47.7982749939, 48.1581840515, 48.5180931091, 48.8780021667, 49.2379112244, 49.5978240967, 49.9693412781, 50.3292503357, 50.6891593933, 51.0606803894, 51.420589447, 51.7804985046, 52.1404075623, 52.5003166199, 52.8602256775, 53.2201347351, 53.5684356689, 53.9283447266, 54.2882537842, 54.6597709656, 55.0196800232, 55.3795890808, 55.7395019531, 56.0994110107, 56.4709281921, 56.8308372498, 57.1907463074, 57.550655365, 57.9105644226, 58.2704734802, 58.6303825378, 58.9902954102, 59.3502044678, 59.7101135254, 60.070022583, 60.4299316406, 60.7898406982, 61.1497497559, 61.5096588135, 61.8811798096, 62.2410888672, 62.6126060486, 62.9725151062, 63.3324241638, 63.6923332214, 64.0522460938, 64.4121551514, 64.772064209, 65.1319732666, 65.4918823242, 65.8517913818, 66.2117004395, 66.5716094971, 66.9199066162, 67.2914276123, 67.6513366699, 68.0112457275, 68.3711547852, 68.7310638428, 69.0909729004, 69.450881958, 69.8107910156, 70.1823120117, 70.5538330078, 70.9137420654, 71.2852630615, 71.6335601807, 71.9934692383, 72.3533782959, 72.7132873535, 73.0731964111, 73.4331054688, 73.7930145264, 74.152923584, 74.5128326416, 74.8727416992, 75.2326507568, 75.5925598145, 75.9524688721, 76.3239898682, 76.6838989258, 77.0554199219, 77.4153289795, 77.7752380371, 78.1351470947, 78.4950561523, 78.85496521, 79.2264862061, 79.5863952637, 79.9463043213, 80.2946014404, 80.654510498, 81.0144195557, 81.3743286133, 81.7342376709, 82.0941467285, 82.4540557861, 82.8023605347, 83.1622695923, 83.5221786499, 83.870475769, 84.2419967651, 84.6135101318, 84.9850311279, 85.3333282471, 85.6932373047, 86.0531539917, 86.4130630493, 86.7729721069, 87.1328811646, 87.4927902222, 87.8526992798, 88.2126083374, 88.572517395, 88.9324264526, 89.2923355103, 89.6522445679, 90.0121536255, 90.3720626831, 90.7319717407, 91.0918807983, 91.4634017944, 91.8233108521, 92.1832199097, 92.5431289673, 92.9030380249, 93.2629470825, 93.6228561401, 93.9943771362, 94.3542861938, 94.7141952515, 95.0857162476, 95.4456253052, 95.8171386719, 96.1770477295, 96.5485687256, 96.8968658447, 97.2567749023, 97.61668396, 97.976600647, 98.3365097046, 98.7080230713, 99.0679321289, 99.4278411865, 99.7761459351, 100.124443054, 100.484352112, 100.844261169, 101.204170227, 101.564079285, 101.935600281, 102.295509338, 102.655418396, 103.026939392, 103.38684845, 103.746757507, 104.106666565, 104.466575623, 104.82648468, 105.198005676, 105.557914734, 105.917823792, 106.277732849, 106.637641907, 106.997550964, 107.357460022, 107.71736908, 108.077278137, 108.437187195, 108.797096252, 109.15700531, 109.516914368, 109.876823425, 110.236732483, 110.596641541, 110.94493866, 111.293243408, 111.664756775, 112.036277771, 112.396186829, 112.756095886, 113.127616882, 113.499137878, 113.859046936, 114.218955994, 114.578865051, 114.938774109, 115.298683167, 115.658592224, 116.018501282, 116.378410339, 116.738319397, 117.098228455, 117.458137512, 117.81804657, 118.166343689, 118.526252747, 118.886169434, 119.246078491, 119.605987549, 119.977500916, 120.337409973, 120.697319031, 121.068840027, 121.440361023, 121.800270081, 122.160179138, 122.508476257, 122.868385315, 123.228294373, 123.576599121, 123.948112488, 124.296417236, 124.656326294, 125.016235352, 125.387756348, 125.747665405, 126.107574463, 126.467483521, 126.827392578, 127.187301636, 127.547210693, 127.907119751, 128.267028809, 128.626937866, 128.986846924, 129.346755981, 129.706665039, 130.066574097, 130.426483154, 130.79800415, 131.157913208, 131.517822266, 131.877731323, 132.237640381, 132.597549438, 132.957458496, 133.305755615, 133.665664673, 134.037185669, 134.397094727, 134.757003784, 135.116912842, 135.476821899, 135.836730957, 136.196640015, 136.556549072, 136.928070068, 137.287979126, 137.647888184, 138.01940918, 138.379318237, 138.739227295, 139.099136353, 139.45904541, 139.818954468, 140.178863525, 140.538772583, 140.898681641, 141.270202637, 141.618499756, 141.978408813, 142.338317871, 142.698226929, 143.058135986, 143.418045044, 143.777954102, 144.137863159, 144.509384155, 144.869293213, 145.240814209, 145.612335205, 145.960632324, 146.33215332, 146.692062378, 147.051971436, 147.411880493, 147.771789551, 148.12008667, 148.479995728, 148.839904785, 149.199813843, 149.5597229, 149.90802002, 150.256317139, 150.627838135, 150.987747192, 151.34765625, 151.695953369, 152.067474365, 152.438995361, 152.798904419, 153.158813477, 153.518722534, 153.878631592, 154.238540649, 154.598449707, 154.969970703, 155.329879761, 155.689788818, 156.049697876, 156.409606934, 156.769515991, 157.129425049, 157.489334106, 157.849243164, 158.209152222, 158.569061279, 158.928970337, 159.288879395, 159.648788452, 160.00869751, 160.368606567, 160.728515625, 161.100036621, 161.471557617, 161.831466675, 162.179763794, 162.539672852, 162.899581909, 163.259490967, 163.619400024, 163.979324341, 164.339233398, 164.699142456, 165.059051514, 165.418960571, 165.778869629, 166.127166748, 166.487075806, 166.858596802, 167.230117798, 167.590026855, 167.949935913, 168.298233032, 168.65814209, 169.018051147, 169.389572144, 169.761077881, 170.121002197, 170.480911255, 170.829208374, 171.189117432, 171.549026489, 171.908935547, 172.268844604, 172.617141724, 172.98866272, 173.360183716, 173.720092773, 174.080001831, 174.451522827, 174.823028564, 175.194549561, 175.54284668, 175.914367676, 176.262680054, 176.622589111, 176.982498169, 177.342407227, 177.702316284, 178.062225342, 178.422134399, 178.782043457, 179.141952515, 179.501861572, 179.86177063, 180.221679688, 180.581588745, 180.941497803, 181.30140686, 181.672927856, 182.021224976, 182.381134033, 182.741043091, 183.100952148, 183.460861206, 183.820770264, 184.180679321, 184.552200317, 184.900497437, 185.260406494, 185.620315552, 185.980224609, 186.340133667, 186.700042725, 187.059951782, 187.431472778, 187.802993774, 188.162902832, 188.52281189, 188.882720947, 189.242630005, 189.602539062, 189.96244812, 190.322357178, 190.682266235, 191.042175293, 191.402084351, 191.761993408, 192.121902466, 192.493423462, 192.841720581, 193.201629639, 193.561538696, 193.921447754, 194.281356812, 194.652877808, 195.001174927, 195.361083984, 195.720993042, 196.0809021, 196.440811157, 196.812332153, 197.160629272, 197.52053833, 197.880447388, 198.251968384, 198.600265503, 198.960174561, 199.320083618, 199.691604614, 200.051513672, 200.423034668, 200.782943726, 201.154464722, 201.514373779, 201.874282837, 202.222579956, 202.582489014, 202.942398071, 203.302307129, 203.662216187, 204.033737183, 204.39364624, 204.753555298, 205.113464355, 205.473373413, 205.833282471, 206.193191528, 206.553100586, 206.913009644, 207.272918701, 207.632827759, 207.992736816, 208.352645874, 208.712554932, 209.072463989, 209.432373047, 209.792282104, 210.163803101, 210.523712158, 210.883621216, 211.243530273, 211.603439331, 211.963348389, 212.323257446, 212.683166504, 213.043075562, 213.402984619, 213.762893677, 214.134414673, 214.49432373, 214.854232788, 215.202529907, 215.574050903, 215.922348022, 216.28225708, 216.642166138, 217.013687134, 217.373596191, 217.733505249, 218.093414307, 218.453323364, 218.813232422, 219.173141479, 219.544662476, 219.904571533, 220.264480591, 220.624389648, 220.984298706, 221.344207764, 221.704116821, 222.075637817, 222.447158813, 222.81867981, 223.166976929, 223.526885986, 223.886795044, 224.246704102, 224.606613159, 224.966522217, 225.314819336, 225.674728394, 226.023040771, 226.394546509, 226.754455566, 227.114364624, 227.48588562, 227.845794678, 228.205703735, 228.565612793, 228.925521851, 229.297042847, 229.645339966, 230.016860962, 230.37677002, 230.736679077, 231.096588135, 231.456497192, 231.81640625, 232.176315308, 232.536224365, 232.896133423, 233.267654419, 233.627563477, 233.987472534, 234.347381592, 234.707290649, 235.078811646, 235.438720703, 235.798629761, 236.170150757, 236.518447876, 236.866760254, 237.226669312, 237.586578369, 237.958084106, 238.317993164, 238.677902222, 239.049423218, 239.409332275, 239.769241333, 240.129150391, 240.489059448, 240.848968506, 241.208877563, 241.568786621, 241.928695679, 242.277008057, 242.636917114, 242.996826172, 243.345123291, 243.705032349, 244.064941406, 244.436462402, 244.79637146, 245.156280518, 245.527801514, 245.887710571, 246.247619629, 246.619140625, 246.979049683, 247.33895874, 247.698867798, 248.058776855, 248.407073975, 248.766983032, 249.12689209, 249.498413086, 249.869934082, 250.22984314, 250.589752197, 250.949661255, 251.309570312, 251.657867432, 252.017776489, 252.377685547, 252.737594604, 253.097503662, 253.445800781, 253.817321777, 254.188842773, 254.548751831, 254.908660889, 255.268569946, 255.628479004, 255.988388062, 256.348297119, 256.708190918, 257.068115234, 257.43963623, 257.799530029, 258.159454346, 258.507751465, 258.879272461, 259.22756958, 259.599090576, 259.958984375, 260.318908691, 260.67880249, 261.038726807, 261.398620605, 261.758544922, 262.118438721, 262.478363037, 262.826660156, 263.198181152, 263.558105469, 263.917999268, 264.266296387, 264.626220703, 264.986114502, 265.357635498, 265.717559814, 266.089050293, 266.460571289, 266.820495605, 267.180389404, 267.540313721, 267.90020752, 268.260131836, 268.620025635, 268.979949951, 269.351470947, 269.711364746, 270.071289062, 270.431182861, 270.791107178, 271.151000977, 271.510925293, 271.859222412, 272.207519531, 272.579040527, 272.938964844, 273.298858643, 273.658782959, 274.018676758, 274.378601074, 274.738494873, 275.110015869, 275.469940186, 275.829833984, 276.189758301, 276.5496521, 276.921173096, 277.292694092, 277.664215088, 278.024108887, 278.384033203, 278.743927002, 279.103851318, 279.452148438, 279.812072754, 280.171966553, 280.531890869, 280.891784668, 281.251708984, 281.611602783, 281.9715271, 282.331420898, 282.691345215, 283.028015137, 283.387939453, 283.747833252, 284.107757568, 284.467651367, 284.827575684, 285.187469482, 285.547393799, 285.918914795, 286.278808594, 286.65032959, 287.021850586, 287.393371582, 287.753295898, 288.113189697],
