{
"metadata": {
    "version": {
        "essentia": "2.1-beta6-dev",
        "essentia_git_sha": "v2.1_beta5-1177-g1d1cc983",
        "extractor": "music 2.0"
    },
    "audio_properties": {
        "analysis": {
            "equal_loudness": 0,
            "length": 252.199981689,
            "sample_rate": 44100,
            "start_time": 0,
            "downmix": "mix"
        },
        "bit_rate": 1536000,
        "length": 252.199996948,
        "lossless": 1,
        "number_channels": 2,
        "replay_gain": -14.3499107361,
        "sample_rate": 48000,
        "codec": "pcm_s16le",
        "md5_encoded": "66fac6c88aae2bba610aa952593d9050"
    },
    "tags": {
        "file_name": "Billy Idol - White Wedding.wav",
        "album": ["Billy Idol"],
        "artist": ["Billy Idol"],
        "audiosourcewebpage": [""],
        "composer": ["CAPITOL CATALOG MKT (C92)"],
        "copyright": ["© 2017 Capitol Records, LLC"],
        "date": ["1982-01-01"],
        "isrc": ["USCH30100008"],
        "title": ["White Wedding - Pt. 1"],
        "tracknumber": ["2\/10"]
    }
},
"lowlevel": {
    "average_loudness": 0.789087116718,
    "barkbands_crest": {
        "mean": 9.52080917358,
        "stdev": 4.03555011749
    },
    "barkbands_flatness_db": {
        "mean": 0.121796920896,
        "stdev": 0.0540442019701
    },
    "barkbands_kurtosis": {
        "mean": 5.56512928009,
        "stdev": 11.9387435913
    },
    "barkbands_skewness": {
        "mean": 1.61886072159,
        "stdev": 1.45378804207
    },
    "barkbands_spread": {
        "mean": 28.9409809113,
        "stdev": 18.9796009064
    },
    "dissonance": {
        "mean": 0.470835268497,
        "stdev": 0.0291428584605
    },
    "dynamic_complexity": 3.43988180161,
    "erbbands_crest": {
        "mean": 8.40439510345,
        "stdev": 4.35224962234
    },
    "erbbands_flatness_db": {
        "mean": 0.137249603868,
        "stdev": 0.0394456982613
    },
    "erbbands_kurtosis": {
        "mean": 1.01404309273,
        "stdev": 3.65641546249
    },
    "erbbands_skewness": {
        "mean": 0.143637731671,
        "stdev": 1.11514663696
    },
    "erbbands_spread": {
        "mean": 44.9493675232,
        "stdev": 23.5462703705
    },
    "hfc": {
        "mean": 24.4971866608,
        "stdev": 27.6172180176
    },
    "loudness_ebu128": {
        "integrated": -9.23250675201,
        "loudness_range": 4.63429927826,
        "momentary": {
            "mean": -10.2713165283,
            "stdev": 4.72877454758
        },
        "short_term": {
            "mean": -9.78288078308,
            "stdev": 2.79738950729
        }
    },
    "melbands_crest": {
        "mean": 13.8562440872,
        "stdev": 5.09674024582
    },
    "melbands_flatness_db": {
        "mean": 0.190939381719,
        "stdev": 0.0731158852577
    },
    "melbands_kurtosis": {
        "mean": 18.930480957,
        "stdev": 29.7815647125
    },
    "melbands_skewness": {
        "mean": 2.98054742813,
        "stdev": 2.01833844185
    },
    "melbands_spread": {
        "mean": 28.504617691,
        "stdev": 23.292137146
    },
    "pitch_salience": {
        "mean": 0.562784552574,
        "stdev": 0.10338999331
    },
    "silence_rate_20dB": {
        "mean": 1,
        "stdev": 0
    },
    "silence_rate_30dB": {
        "mean": 0.998619139194,
        "stdev": 0.0371339172125
    },
    "silence_rate_60dB": {
        "mean": 0.0281690135598,
        "stdev": 0.165455549955
    },
    "spectral_centroid": {
        "mean": 1551.64599609,
        "stdev": 828.977355957
    },
    "spectral_complexity": {
        "mean": 19.720703125,
        "stdev": 11.7605819702
    },
    "spectral_decrease": {
        "mean": -6.34585273218e-09,
        "stdev": 5.23476950676e-09
    },
    "spectral_energy": {
        "mean": 0.0261726304889,
        "stdev": 0.021362574771
    },
    "spectral_energyband_high": {
        "mean": 0.00185675127432,
        "stdev": 0.00332848262042
    },
    "spectral_energyband_low": {
        "mean": 0.0113228624687,
        "stdev": 0.0142676001415
    },
    "spectral_energyband_middle_high": {
        "mean": 0.00440322281793,
        "stdev": 0.00546224601567
    },
    "spectral_energyband_middle_low": {
        "mean": 0.00981189776212,
        "stdev": 0.0104052061215
    },
    "spectral_entropy": {
        "mean": 7.77665662766,
        "stdev": 0.436756104231
    },
    "spectral_flux": {
        "mean": 0.0836205556989,
        "stdev": 0.0523198693991
    },
    "spectral_kurtosis": {
        "mean": 3.17925095558,
        "stdev": 2.90665388107
    },
    "spectral_rms": {
        "mean": 0.00466879922897,
        "stdev": 0.00193301390391
    },
    "spectral_rolloff": {
        "mean": 1763.28137207,
        "stdev": 1895.36694336
    },
    "spectral_skewness": {
        "mean": 1.31011164188,
        "stdev": 0.529271185398
    },
    "spectral_spread": {
        "mean": 5282006,
        "stdev": 1745750.75
    },
    "spectral_strongpeak": {
        "mean": 0.790939033031,
        "stdev": 1.25954496861
    },
    "zerocrossingrate": {
        "mean": 0.0679041743279,
        "stdev": 0.0432718172669
    },
    "barkbands": {
        "mean": [0.000599885999691, 0.00703933322802, 0.00251310365275, 0.00232619582675, 0.00204410473816, 0.00117755716201, 0.00127874920145, 0.00123619311489, 0.0016336296685, 0.000512586033437, 0.000300502870232, 0.000616227567662, 0.000550792727154, 0.000357976590749, 0.000422635494033, 0.000485676369863, 0.000411365705077, 0.000367289088899, 0.000297708204016, 0.00031890545506, 0.0003559057659, 0.00058911787346, 0.000409650645452, 0.000202935974812, 9.9233846413e-05, 2.2773127057e-05, 2.61162335846e-06],
        "stdev": [0.00123171252199, 0.0112058864906, 0.00283225392923, 0.00363245839253, 0.00309131294489, 0.00235007400624, 0.00302071077749, 0.00385398115031, 0.0049728192389, 0.00124829995912, 0.000698090996593, 0.00147616397589, 0.00187654595356, 0.000800329144113, 0.000862537359353, 0.000753014173824, 0.000836265389808, 0.000656806689221, 0.000529030978214, 0.000647571869195, 0.00070395815419, 0.00128283433151, 0.000979154370725, 0.000401871773647, 0.000157830814715, 3.84998747904e-05, 6.29482838121e-06]
    },
    "erbbands": {
        "mean": [0.261490166187, 1.34453225136, 2.62847137451, 6.06286621094, 8.21182250977, 6.02350950241, 5.52968645096, 11.2806758881, 14.8087015152, 25.6767177582, 26.605178833, 30.3384513855, 29.651556015, 17.6046504974, 17.2155895233, 23.8709602356, 24.6329059601, 22.2939071655, 19.591796875, 22.8956375122, 26.5839347839, 21.4949359894, 21.1161975861, 16.442647934, 15.5740861893, 15.636639595, 12.82787323, 16.7325077057, 20.1235733032, 17.7895908356, 11.0524349213, 5.56786346436, 2.70870256424, 1.38558328152, 0.547623455524, 0.143232956529, 0.0368975959718, 0.00502985529602, 0.000478455098346, 5.85068082728e-05],
        "stdev": [0.429433912039, 2.32449817657, 3.34979748726, 8.13702964783, 12.7527360916, 11.2359552383, 9.2514591217, 24.6529369354, 36.0392990112, 69.4459686279, 82.4925460815, 90.846534729, 89.0338897705, 39.5391159058, 37.8273658752, 55.2507743835, 88.8260116577, 47.4780158997, 38.6557197571, 35.9096221924, 42.2713546753, 40.1583137512, 37.8403511047, 27.8570594788, 28.1483764648, 32.5621299744, 26.241312027, 34.4120864868, 43.4803390503, 40.449344635, 26.5442028046, 12.9037942886, 4.81672000885, 2.28580832481, 0.894990980625, 0.234231233597, 0.0663326606154, 0.00985488202423, 0.0010553173488, 7.88491379353e-05]
    },
    "gfcc": {
        "mean": [1.55175065994, 82.4826202393, -103.327323914, 46.3684310913, -57.6352081299, 25.1594982147, -32.9436721802, 9.55388736725, -16.9898014069, 1.5495402813, -15.4988079071, 0.532557964325, -12.7257852554],
        "cov": [[8726.6484375, -929.292663574, -790.272155762, 347.375518799, -317.562225342, 261.41885376, -171.25479126, 191.043365479, -171.886413574, 212.527801514, -132.251480103, 146.268844604, -155.057876587], [-929.292663574, 1193.05639648, -216.696273804, -306.298553467, 214.511764526, -173.423339844, 18.8364276886, -23.9848480225, 30.8564281464, -75.8035964966, 88.4666900635, -63.8244667053, 44.8418006897], [-790.272155762, -216.696273804, 1462.43640137, 291.655975342, -351.096679688, 91.4337921143, -25.8434391022, -47.1950454712, 2.38077425957, 109.313201904, 39.8745155334, 46.2704124451, -77.3803863525], [347.375518799, -306.298553467, 291.655975342, 444.49395752, -68.4408721924, 43.0286560059, -5.66173171997, -47.1759185791, 5.54736280441, 25.4561538696, -2.86226820946, 11.937664032, 15.7801914215], [-317.562225342, 214.511764526, -351.096679688, -68.4408721924, 329.837890625, -9.6592912674, 25.5647506714, 7.57509613037, -0.22468188405, -47.8714408875, 13.0662059784, -7.73908948898, 52.720539093], [261.41885376, -173.423339844, 91.4337921143, 43.0286560059, -9.6592912674, 185.856521606, 35.2083816528, 9.46849727631, -19.4463253021, 16.2365665436, -11.4718112946, 20.036075592, -11.400226593], [-171.25479126, 18.8364276886, -25.8434391022, -5.66173171997, 25.5647506714, 35.2083816528, 148.405410767, 27.5571060181, 0.944750249386, -10.4936141968, -8.5708732605, -23.8579387665, 6.56524324417], [191.043365479, -23.9848480225, -47.1950454712, -47.1759185791, 7.57509613037, 9.46849727631, 27.5571060181, 126.255157471, 17.4231185913, 11.9287500381, -15.1262140274, -10.2563495636, -12.7944078445], [-171.886413574, 30.8564281464, 2.38077425957, 5.54736280441, -0.22468188405, -19.4463253021, 0.944750249386, 17.4231185913, 115.546661377, 13.4964666367, -11.821100235, -9.28293418884, 12.7579479218], [212.527801514, -75.8035964966, 109.313201904, 25.4561538696, -47.8714408875, 16.2365665436, -10.4936141968, 11.9287500381, 13.4964666367, 80.3675765991, 17.3584060669, 9.22711086273, -27.626619339], [-132.251480103, 88.4666900635, 39.8745155334, -2.86226820946, 13.0662059784, -11.4718112946, -8.5708732605, -15.1262140274, -11.821100235, 17.3584060669, 89.3107223511, 13.6313323975, -14.2072696686], [146.268844604, -63.8244667053, 46.2704124451, 11.937664032, -7.73908948898, 20.036075592, -23.8579387665, -10.2563495636, -9.28293418884, 9.22711086273, 13.6313323975, 73.1360473633, 15.5478420258], [-155.057876587, 44.8418006897, -77.3803863525, 15.7801914215, 52.720539093, -11.400226593, 6.56524324417, -12.7944078445, 12.7579479218, -27.626619339, -14.2072696686, 15.5478420258, 78.4317245483]],
        "icov": [[0.00025493488647, -0.000152386186528, 0.000419435760705, -0.000483770214487, 0.000427768012742, -0.000342247774825, 0.000288999290206, -0.000426753249485, 0.000458829948911, -0.000723871577065, 0.00058370345505, -0.00074134679744, 0.000594263023231], [-0.000152386186528, 0.00178266305011, -0.000588692899328, 0.00144130189437, -0.00104472588282, 0.00118126696907, -0.000319722341374, 0.000668546592351, -0.000722199853044, 0.00130921602249, -0.00217157811858, 0.0019967763219, -0.00139204668812], [0.000419435760705, -0.000588692899328, 0.00188242760487, -0.00154211767949, 0.00181840837467, -0.00107034377288, 0.000403422454838, -0.000549352436792, 0.000685728329699, -0.00182437105104, 0.000854751269799, -0.00193741335534, 0.00161672465038], [-0.000483770214487, 0.00144130189437, -0.00154211767949, 0.00453412346542, -0.00122917303815, 0.000794580497313, -0.000586163485423, 0.0019751007203, -0.00121886585839, 0.00124703079928, -0.002122069709, 0.0029704940971, -0.0032368847169], [0.000427768012742, -0.00104472588282, 0.00181840837467, -0.00122917303815, 0.00582510931417, -0.00167582044378, 0.000301984080579, -0.00121960183606, 0.000888944894541, -0.00047210167395, -0.000176857603947, -0.0012994359713, -0.0009843633743], [-0.000342247774825, 0.00118126696907, -0.00107034377288, 0.000794580497313, -0.00167582044378, 0.00776655785739, -0.0024850696791, 0.000593578268308, 0.000259512366029, 0.000373989780201, 6.46586995572e-05, -0.000851711898576, 0.00026241663727], [0.000288999290206, -0.000319722341374, 0.000403422454838, -0.000586163485423, 0.000301984080579, -0.0024850696791, 0.00854855682701, -0.00222986238077, 0.000716216687579, -7.59213726269e-05, 0.000209472273127, 0.00243810750544, -0.000962048652582], [-0.000426753249485, 0.000668546592351, -0.000549352436792, 0.0019751007203, -0.00121960183606, 0.000593578268308, -0.00222986238077, 0.0103246951476, -0.00217896164395, -0.000492263410706, 0.000481917290017, 0.00146110903006, 0.000590389012359], [0.000458829948911, -0.000722199853044, 0.000685728329699, -0.00121886585839, 0.000888944894541, 0.000259512366029, 0.000716216687579, -0.00217896164395, 0.0109215695411, -0.00451436173171, 0.00272836512886, -4.49678445875e-05, -0.00159697653726], [-0.000723871577065, 0.00130921602249, -0.00182437105104, 0.00124703079928, -0.00047210167395, 0.000373989780201, -7.59213726269e-05, -0.000492263410706, -0.00451436173171, 0.0202522948384, -0.00567568838596, 0.000633093470242, 0.00278167915531], [0.00058370345505, -0.00217157811858, 0.000854751269799, -0.002122069709, -0.000176857603947, 6.46586995572e-05, 0.000209472273127, 0.000481917290017, 0.00272836512886, -0.00567568838596, 0.0172940585762, -0.00656100455672, 0.00584542891011], [-0.00074134679744, 0.0019967763219, -0.00193741335534, 0.0029704940971, -0.0012994359713, -0.000851711898576, 0.00243810750544, 0.00146110903006, -4.49678445875e-05, 0.000633093470242, -0.00656100455672, 0.0219210926443, -0.00963608361781], [0.000594263023231, -0.00139204668812, 0.00161672465038, -0.0032368847169, -0.0009843633743, 0.00026241663727, -0.000962048652582, 0.000590389012359, -0.00159697653726, 0.00278167915531, 0.00584542891011, -0.00963608361781, 0.0220522563905]]
    },
    "melbands": {
        "mean": [0.00214115320705, 0.0015206518583, 0.0011208159849, 0.000506276963279, 0.000198521229322, 0.00024377083173, 0.000241371162701, 0.000283345143544, 0.000198242531042, 0.000218044078792, 0.000149194529513, 7.07283907104e-05, 5.03374794789e-05, 7.07925937604e-05, 5.80876439926e-05, 5.37237683602e-05, 3.73131260858e-05, 2.8257836675e-05, 3.15527686325e-05, 3.26473964378e-05, 3.03952110698e-05, 2.1692356313e-05, 1.95120228454e-05, 2.05104042834e-05, 1.20958693515e-05, 1.14292506623e-05, 1.06737861643e-05, 1.04011696749e-05, 7.75636181061e-06, 7.90341891843e-06, 1.05369963421e-05, 1.12007137432e-05, 1.15184002425e-05, 9.09917343961e-06, 6.94069831297e-06, 4.3565987653e-06, 2.96454550153e-06, 1.94862718672e-06, 1.48548701873e-06, 1.0569672213e-06],
        "stdev": [0.0033384654671, 0.00210317852907, 0.00141688238364, 0.000789001293015, 0.000316239049425, 0.000521692621987, 0.000554422091227, 0.000764650059864, 0.000640441547148, 0.000679737713654, 0.000452905951533, 0.000170673054527, 0.000108774533146, 0.00018266835832, 0.000168490849319, 0.000178538422915, 8.13588267192e-05, 5.84168519708e-05, 6.83434700477e-05, 5.1635553973e-05, 4.96382781421e-05, 3.85204002669e-05, 4.53886787e-05, 4.09624008171e-05, 2.17764354602e-05, 2.06217864616e-05, 2.11844035221e-05, 2.27837153943e-05, 1.6613625121e-05, 1.62356682267e-05, 2.31457361224e-05, 2.4798724553e-05, 2.6928159059e-05, 2.18250825128e-05, 1.77820020326e-05, 1.18677717182e-05, 6.71746875014e-06, 3.61779439118e-06, 2.55561462836e-06, 1.78714037702e-06]
    },
    "melbands128": {
        "mean": [0.000563941139262, 0.0022175363265, 0.00282521150075, 0.00199707923457, 0.00128443725407, 0.00130742823239, 0.00125224061776, 0.00113799620885, 0.000843608984724, 0.000474579253932, 0.000305764289806, 0.000200191017939, 0.00018004408048, 0.000174894201336, 0.000244300521445, 0.000314522592817, 0.000196689841687, 0.000235355531913, 0.000258568208665, 0.000336147233611, 0.00024341448443, 0.000287048169412, 0.000184741351404, 0.000126121318317, 0.000134104368044, 0.000292674958473, 0.000346538494341, 6.59559445921e-05, 5.43398273294e-05, 0.000105543971586, 5.7075121731e-05, 4.40091243945e-05, 5.2374041843e-05, 4.04714446631e-05, 9.16319768294e-05, 7.41370313335e-05, 5.18957785971e-05, 5.36935258424e-05, 7.06094579073e-05, 4.74021580885e-05, 3.71082642232e-05, 8.64857938723e-05, 3.45390253642e-05, 1.63889053511e-05, 2.28237331612e-05, 2.72126744676e-05, 3.93670852645e-05, 3.77839933208e-05, 1.98095622181e-05, 3.48366011167e-05, 3.51943235728e-05, 2.75556412817e-05, 3.81265235774e-05, 2.7887912438e-05, 2.40828085225e-05, 1.71692408912e-05, 2.20510883082e-05, 2.78839561361e-05, 1.38988571052e-05, 1.39589692481e-05, 2.95210502372e-05, 1.63704480656e-05, 1.12163506856e-05, 1.2153966054e-05, 1.12656307465e-05, 1.12338811959e-05, 1.13221585707e-05, 1.17786494229e-05, 1.00437964647e-05, 9.91765864455e-06, 1.17022618724e-05, 1.04199689304e-05, 7.17487955626e-06, 7.71701525082e-06, 7.44326098356e-06, 7.61822047934e-06, 7.99935423856e-06, 9.16664430406e-06, 1.07300838863e-05, 1.25591559481e-05, 1.02201183836e-05, 1.09609127321e-05, 1.25650476548e-05, 1.09782158688e-05, 1.17391491585e-05, 9.9648405012e-06, 7.95936648501e-06, 7.73715055402e-06, 7.68287736719e-06, 5.64314723306e-06, 4.62580692329e-06, 4.13529687648e-06, 3.69751501239e-06, 3.06187575916e-06, 2.37610652221e-06, 2.2599026579e-06, 1.77256151801e-06, 1.70786336184e-06, 1.52140285081e-06, 1.34811773478e-06, 1.23435381738e-06, 9.69287157204e-07, 9.11826020911e-07, 8.1376504113e-07, 6.30972920135e-07, 4.45754665179e-07, 3.5578329971e-07, 2.59014427684e-07, 2.20180012889e-07, 1.93973221485e-07, 1.66620068853e-07, 1.48962911339e-07, 1.08229976092e-07, 7.65621450682e-08, 5.8704674899e-08, 4.54082780266e-08, 2.74880598283e-08, 2.03215524408e-08, 1.61555373523e-08, 1.30508297502e-08, 1.04226280939e-08, 9.04715591332e-09, 7.65951835291e-09, 6.35286623307e-09, 3.95377819373e-09, 4.20640910992e-10, 4.19585243286e-12, 3.17835623272e-12],
        "stdev": [0.00116871693172, 0.00400180695578, 0.00450811395422, 0.00388264935464, 0.00210959441029, 0.00145854090806, 0.00185609527398, 0.00184060481843, 0.00151775195263, 0.0010937883053, 0.000709434505552, 0.000445747282356, 0.000390758767026, 0.00039719248889, 0.000579245970584, 0.000923205632716, 0.000616449164227, 0.000833220547065, 0.000765543722082, 0.00115102960262, 0.000974853697699, 0.00107738294173, 0.000845715170726, 0.000648351793643, 0.000610767281614, 0.00120231567416, 0.00134737649933, 0.000269229261903, 0.000170975486981, 0.000312373478664, 0.000184035015991, 0.000117147319543, 0.000140022661071, 0.000166933910805, 0.000302738335449, 0.000242863505264, 0.000177206369699, 0.000201300863409, 0.000268496165518, 0.000332000869093, 0.000165221455973, 0.000215103762457, 0.000106830746518, 5.32334415766e-05, 9.79121105047e-05, 6.13190422882e-05, 0.000126344442833, 0.00012909801444, 4.8930887715e-05, 7.02026445651e-05, 7.60999537306e-05, 5.32287558599e-05, 9.48695233092e-05, 4.8251276894e-05, 4.18709860242e-05, 4.60840565211e-05, 6.43077946734e-05, 0.000105593004264, 3.50021146005e-05, 3.04562636302e-05, 7.34058921807e-05, 3.59422301699e-05, 2.45683804678e-05, 2.55436498264e-05, 2.3314209102e-05, 2.27378259297e-05, 2.31719750445e-05, 2.43778413278e-05, 2.14293413592e-05, 2.53238740697e-05, 2.86052218144e-05, 2.64293812506e-05, 1.70620951394e-05, 1.89029087778e-05, 1.80737788469e-05, 1.82669627975e-05, 1.78210157173e-05, 2.01494949579e-05, 2.59899497905e-05, 3.43416249962e-05, 2.51455312537e-05, 2.62147295871e-05, 3.03571250697e-05, 2.99697785522e-05, 2.99750845443e-05, 2.66160350293e-05, 2.13427993003e-05, 2.55054546869e-05, 2.30488476518e-05, 1.43043826029e-05, 1.5586227164e-05, 1.28755891637e-05, 1.01152863863e-05, 8.08075674286e-06, 5.32321473656e-06, 4.63930064143e-06, 3.55700808541e-06, 3.19585092257e-06, 2.7950616186e-06, 2.54152359958e-06, 2.33880246014e-06, 1.78788423e-06, 1.58343073053e-06, 1.39158373713e-06, 1.24371717902e-06, 8.37319248603e-07, 6.73447971167e-07, 4.82697373627e-07, 4.02535732746e-07, 3.56220652975e-07, 3.27543801859e-07, 2.84470445422e-07, 2.22824269258e-07, 1.64160084637e-07, 1.30513981844e-07, 9.37480351126e-08, 6.74633966469e-08, 5.42782778723e-08, 3.91942904798e-08, 3.34836194327e-08, 2.79775722589e-08, 2.58272425668e-08, 2.35839898721e-08, 2.06209307407e-08, 1.32370292505e-08, 1.5713232937e-09, 1.37925443636e-11, 5.42302053957e-12]
    },
    "mfcc": {
        "mean": [-640.28302002, 105.75995636, 15.3904666901, 25.2122249603, 6.79387331009, 14.9614772797, -0.417746037245, 10.5864248276, 1.98444569111, 3.05987429619, 2.40346741676, 2.45812511444, 2.1475508213],
        "cov": [[7937.99169922, -1050.5279541, -767.748474121, -36.3550872803, -109.530944824, 47.0835075378, -16.8343753815, 39.6959609985, -1.5342181921, -1.55185937881, 73.1943359375, 23.9766674042, -11.6656942368], [-1050.5279541, 1374.16271973, -366.057891846, -145.992462158, 56.8311080933, -159.905670166, 26.266620636, -17.4101295471, -31.5233612061, -20.2003364563, -10.8086452484, 31.9134559631, 4.17297506332], [-767.748474121, -366.057891846, 1592.68334961, 205.231216431, -92.6698760986, 118.452026367, -57.9408874512, -49.9590988159, -88.1985931396, 14.8841619492, 69.8717575073, 16.5240116119, 69.7578277588], [-36.3550872803, -145.992462158, 205.231216431, 298.543426514, 32.3613815308, 34.4373703003, -10.8595838547, -25.778011322, 4.36445808411, -3.91109776497, -11.6914281845, -3.93014955521, 10.071764946], [-109.530944824, 56.8311080933, -92.6698760986, 32.3613815308, 185.492462158, 20.2266845703, -1.60092699528, 2.71594142914, 4.49295711517, -20.7742443085, -23.8273124695, 16.4835357666, 8.89466762543], [47.0835075378, -159.905670166, 118.452026367, 34.4373703003, 20.2266845703, 168.982421875, 28.205072403, 6.69753551483, 15.9377717972, -21.6545906067, -5.54422903061, 8.32172393799, 3.56588077545], [-16.8343753815, 26.266620636, -57.9408874512, -10.8595838547, -1.60092699528, 28.205072403, 158.558883667, 36.1002006531, -13.3231201172, 14.9856176376, -2.01696538925, -2.96948385239, -12.9016399384], [39.6959609985, -17.4101295471, -49.9590988159, -25.778011322, 2.71594142914, 6.69753551483, 36.1002006531, 85.0978546143, 33.1851005554, 9.77846431732, -2.24267220497, -5.31815385818, -4.67127799988], [-1.5342181921, -31.5233612061, -88.1985931396, 4.36445808411, 4.49295711517, 15.9377717972, -13.3231201172, 33.1851005554, 130.76725769, 15.4739255905, -8.06634902954, -13.6218957901, -18.5997085571], [-1.55185937881, -20.2003364563, 14.8841619492, -3.91109776497, -20.7742443085, -21.6545906067, 14.9856176376, 9.77846431732, 15.4739255905, 106.271507263, 33.9753227234, -7.3213467598, -14.5083932877], [73.1943359375, -10.8086452484, 69.8717575073, -11.6914281845, -23.8273124695, -5.54422903061, -2.01696538925, -2.24267220497, -8.06634902954, 33.9753227234, 83.3603134155, 15.0516109467, -3.61412358284], [23.9766674042, 31.9134559631, 16.5240116119, -3.93014955521, 16.4835357666, 8.32172393799, -2.96948385239, -5.31815385818, -13.6218957901, -7.3213467598, 15.0516109467, 69.0098953247, 24.0197906494], [-11.6656942368, 4.17297506332, 69.7578277588, 10.071764946, 8.89466762543, 3.56588077545, -12.9016399384, -4.67127799988, -18.5997085571, -14.5083932877, -3.61412358284, 24.0197906494, 69.5188446045]],
        "icov": [[0.000165547156939, 0.000158413415193, 0.000147712809849, -2.63090714725e-05, 0.000118727504741, -1.96234286705e-05, 5.60176376894e-05, -6.15999088041e-05, 0.000119535288832, 6.54612013022e-05, -0.000221113892621, -9.36954820645e-05, -6.75443516229e-05], [0.000158413415193, 0.00108408834785, 0.000219696608838, 0.000332338357111, -0.000229440469411, 0.00089266942814, -0.000353231473127, 0.000362401973689, 4.97794862895e-05, 0.000347241293639, -0.000192290899577, -0.000501273490954, -0.000115739640023], [0.000147712809849, 0.000219696608838, 0.00104322051629, -0.000585092580877, 0.000609866925515, -0.000704100297298, 0.000480283604702, -0.000102545564005, 0.000780284113716, -0.000154688619659, -0.000840361812152, 0.000122104160255, -0.000819507404231], [-2.63090714725e-05, 0.000332338357111, -0.000585092580877, 0.00418978137895, -0.00108983775135, 9.2543377832e-05, -0.00042602737085, 0.00157021183986, -0.00080340122804, -0.00011494546925, 0.000775348045863, 0.000312091171509, -0.000189590791706], [0.000118727504741, -0.000229440469411, 0.000609866925515, -0.00108983775135, 0.00650306651369, -0.00118443055544, 0.000601749692578, -0.000710402906407, 0.000381739839213, 0.00024716486223, 0.00119042943697, -0.00161771650892, -0.000353172363248], [-1.96234286705e-05, 0.00089266942814, -0.000704100297298, 9.2543377832e-05, -0.00118443055544, 0.00829505641013, -0.00241903075948, 0.000679515418597, -0.00200036750175, 0.00224203476682, 4.87004981551e-05, -0.00128678709734, 0.000338865444064], [5.60176376894e-05, -0.000353231473127, 0.000480283604702, -0.00042602737085, 0.000601749692578, -0.00241903075948, 0.00843684654683, -0.00418841093779, 0.00288974586874, -0.00175675889477, 0.000608766626101, -4.11478504247e-05, 0.00139417673927], [-6.15999088041e-05, 0.000362401973689, -0.000102545564005, 0.00157021183986, -0.000710402906407, 0.000679515418597, -0.00418841093779, 0.0158107671887, -0.00462851673365, -0.000200063266675, 4.17763803853e-05, 0.000602886779234, -0.00130179652479], [0.000119535288832, 4.97794862895e-05, 0.000780284113716, -0.00080340122804, 0.000381739839213, -0.00200036750175, 0.00288974586874, -0.00462851673365, 0.010526990518, -0.00193988974206, 0.000825374387205, 0.000667536922265, 0.00185344927013], [6.54612013022e-05, 0.000347241293639, -0.000154688619659, -0.00011494546925, 0.00024716486223, 0.00224203476682, -0.00175675889477, -0.000200063266675, -0.00193988974206, 0.0124118784443, -0.00512324506417, 0.00109420670196, 0.00110281666275], [-0.000221113892621, -0.000192290899577, -0.000840361812152, 0.000775348045863, 0.00119042943697, 4.87004981551e-05, 0.000608766626101, 4.17763803853e-05, 0.000825374387205, -0.00512324506417, 0.0164348799735, -0.00460237869993, 0.00226255622692], [-9.36954820645e-05, -0.000501273490954, 0.000122104160255, 0.000312091171509, -0.00161771650892, -0.00128678709734, -4.11478504247e-05, 0.000602886779234, 0.000667536922265, 0.00109420670196, -0.00460237869993, 0.0187215376645, -0.00614839140326], [-6.75443516229e-05, -0.000115739640023, -0.000819507404231, -0.000189590791706, -0.000353172363248, 0.000338865444064, 0.00139417673927, -0.00130179652479, 0.00185344927013, 0.00110281666275, 0.00226255622692, -0.00614839140326, 0.0183970928192]]
    },
    "spectral_contrast_coeffs": {
        "mean": [-0.74488067627, -0.763917863369, -0.782760441303, -0.798539936543, -0.798986077309, -0.761813402176],
        "stdev": [0.058942142874, 0.0793151855469, 0.0650338158011, 0.0500848144293, 0.044356636703, 0.0455776341259]
    },
    "spectral_contrast_valleys": {
        "mean": [-6.47523784637, -6.889564991, -7.42486524582, -7.66098022461, -7.5859079361, -9.82614421844],
        "stdev": [0.867100298405, 0.894247949123, 0.993752121925, 1.08495974541, 1.10321640968, 1.15488445759]
    }
},
"rhythm": {
    "beats_count": 617,
    "beats_loudness": {
        "mean": 0.058721575886,
        "stdev": 0.0219136476517
    },
    "bpm": 147.154098511,
    "bpm_histogram_first_peak_bpm": 148,
    "bpm_histogram_first_peak_weight": 0.226384341717,
    "bpm_histogram_second_peak_bpm": 140,
    "bpm_histogram_second_peak_spread": 0,
    "bpm_histogram_second_peak_weight": 0.00324675324373,
    "danceability": 1.18579721451,
    "onset_rate": 4.27809333801,
    "beats_loudness_band_ratio": {
        "mean": [0.69661462307, 0.0601913556457, 0.0846720263362, 0.0527016371489, 0.0494444444776, 0.0725353658199],
        "stdev": [0.182097509503, 0.0642276704311, 0.109237223864, 0.0753336846828, 0.0710604861379, 0.0607423819602]
    },
    "beats_position": [0.46439909935, 0.893968224525, 1.3235373497, 1.72988653183, 2.13623571396, 2.55419492722, 2.96054410934, 3.36689329147, 3.76163268089, 4.1679816246, 4.57433080673, 4.99229001999, 5.39863920212, 5.80498838425, 6.21133756638, 6.6176867485, 7.02403593063, 7.4303855896, 7.83673477173, 8.24308395386, 8.66104316711, 9.07900238037, 9.4853515625, 9.89170074463, 10.2980499268, 10.7043991089, 11.110748291, 11.5170974731, 11.9234466553, 12.3297958374, 12.7361450195, 13.1424942017, 13.5488433838, 13.9551925659, 14.3731517792, 14.7911109924, 15.1974601746, 15.6038093567, 16.0101585388, 16.4165077209, 16.8344669342, 17.2292060852, 17.6355552673, 18.0419044495, 18.4482536316, 18.8546028137, 19.2609519958, 19.667301178, 20.0852603912, 20.4916095734, 20.8979587555, 21.3043079376, 21.7106571198, 22.128616333, 22.5349655151, 22.9413146973, 23.3476638794, 23.7540130615, 24.1603622437, 24.5667114258, 24.9730606079, 25.37940979, 25.7857589722, 26.1921081543, 26.6100673676, 27.0164165497, 27.4227657318, 27.8291149139, 28.2354640961, 28.6418132782, 29.0481624603, 29.4545116425, 29.8724708557, 30.2788200378, 30.68516922, 31.0915184021, 31.4978675842, 31.9042167664, 32.3105659485, 32.7169151306, 33.1348762512, 33.5412254333, 33.9475746155, 34.3539237976, 34.7718811035, 35.1782302856, 35.5845794678, 35.9909286499, 36.397277832, 36.8036270142, 37.2099761963, 37.6163253784, 38.0226745605, 38.4290237427, 38.8353729248, 39.2417221069, 39.6596832275, 40.0776405334, 40.4839897156, 40.8903388977, 41.3083000183, 41.703037262, 42.1093864441, 42.5157356262, 42.9220848083, 43.3284339905, 43.7347831726, 44.1411323547, 44.5590934753, 44.9654426575, 45.3717918396, 45.7781410217, 46.1844902039, 46.590839386, 46.9971885681, 47.4035377502, 47.8098869324, 48.204624176, 48.6225852966, 49.0289344788, 49.4352836609, 49.8532409668, 50.2595901489, 50.6659393311, 51.0722885132, 51.4786376953, 51.8849868774, 52.2913360596, 52.6976852417, 53.1040344238, 53.510383606, 53.9167327881, 54.3346939087, 54.7526512146, 55.1590003967, 55.5653495789, 55.9833106995, 56.3896598816, 56.7960090637, 57.1907463074, 57.608707428, 58.0150566101, 58.4214057922, 58.8161430359, 59.222492218, 59.6288414001, 60.0351905823, 60.4415397644, 60.8478889465, 61.2542381287, 61.6721992493, 62.0901565552, 62.4965057373, 62.9028549194, 63.3092041016, 63.7155532837, 64.1219024658, 64.5282516479, 64.9346008301, 65.3525619507, 65.7589111328, 66.1768722534, 66.5832214355, 66.9895706177, 67.3959197998, 67.8022689819, 68.2086181641, 68.6149673462, 69.0213165283, 69.4276657104, 69.8340148926, 70.2403640747, 70.6467132568, 71.053062439, 71.4594116211, 71.8657608032, 72.2721099854, 72.6784591675, 73.0964126587, 73.4911575317, 73.8975067139, 74.303855896, 74.7218093872, 75.1397705078, 75.5461196899, 75.9524688721, 76.3588180542, 76.7651672363, 77.1831283569, 77.5778656006, 77.9842147827, 78.3905639648, 78.8085250854, 79.2032623291, 79.6212234497, 80.0275726318, 80.433921814, 80.8402709961, 81.2466201782, 81.6645812988, 82.070930481, 82.4772796631, 82.8836288452, 83.2899780273, 83.6963272095, 84.1026763916, 84.5090255737, 84.9153747559, 85.3333282471, 85.7396774292, 86.1576385498, 86.5639877319, 86.9703369141, 87.3766860962, 87.7830352783, 88.1893844604, 88.5957336426, 89.0020828247, 89.4084320068, 89.814781189, 90.2211303711, 90.6274795532, 91.0338287354, 91.4401779175, 91.8465270996, 92.2528762817, 92.6592254639, 93.065574646, 93.4719238281, 93.8782730103, 94.2846221924, 94.6909713745, 95.1089324951, 95.5268936157, 95.9332427979, 96.33959198, 96.7459411621, 97.1522903442, 97.5586395264, 97.9649887085, 98.3713378906, 98.7776870728, 99.1956481934, 99.6019973755, 100.008346558, 100.41469574, 100.821044922, 101.215782166, 101.633743286, 102.040092468, 102.44644165, 102.864395142, 103.270744324, 103.677093506, 104.083442688, 104.48979187, 104.896141052, 105.302490234, 105.708839417, 106.115188599, 106.533149719, 106.95111084, 107.357460022, 107.763809204, 108.170158386, 108.576507568, 108.994468689, 109.41242218, 109.818771362, 110.225120544, 110.643081665, 111.037818909, 111.444168091, 111.850517273, 112.256866455, 112.663215637, 113.069564819, 113.475914001, 113.882263184, 114.288612366, 114.706573486, 115.124534607, 115.530883789, 115.937232971, 116.343582153, 116.749931335, 117.167892456, 117.5626297, 117.968978882, 118.375328064, 118.781677246, 119.188026428, 119.59437561, 120.000724792, 120.407073975, 120.813423157, 121.231384277, 121.637733459, 122.044082642, 122.450431824, 122.856781006, 123.263130188, 123.66947937, 124.087432861, 124.493782043, 124.900131226, 125.306480408, 125.71282959, 126.119178772, 126.525527954, 126.931877136, 127.338226318, 127.7445755, 128.150924683, 128.557281494, 128.963623047, 129.369979858, 129.776321411, 130.182678223, 130.589019775, 131.006988525, 131.424942017, 131.842895508, 132.237640381, 132.643981934, 133.050338745, 133.456680298, 133.863037109, 134.269378662, 134.675735474, 135.082077026, 135.488433838, 135.894775391, 136.301132202, 136.707473755, 137.113830566, 137.520172119, 137.926528931, 138.344482422, 138.750839233, 139.157180786, 139.575149536, 139.981491089, 140.3878479, 140.794189453, 141.200546265, 141.606887817, 142.013244629, 142.43119812, 142.837554932, 143.243896484, 143.650253296, 144.056594849, 144.47454834, 144.880905151, 145.287246704, 145.693603516, 146.099945068, 146.50630188, 146.912643433, 147.330612183, 147.748565674, 148.154922485, 148.561264038, 148.96762085, 149.362350464, 149.768707275, 150.175048828, 150.58140564, 150.999359131, 151.405715942, 151.812057495, 152.218414307, 152.624755859, 153.019500732, 153.437454224, 153.855422974, 154.261764526, 154.668121338, 155.074462891, 155.480819702, 155.887161255, 156.293518066, 156.699859619, 157.106216431, 157.524169922, 157.930511475, 158.336868286, 158.731613159, 159.14956665, 159.555908203, 159.962265015, 160.368606567, 160.774963379, 161.181304932, 161.587661743, 161.994003296, 162.400360107, 162.818313599, 163.236282349, 163.642623901, 164.048980713, 164.455322266, 164.861679077, 165.26802063, 165.674377441, 166.080718994, 166.487075806, 166.905029297, 167.311386108, 167.717727661, 168.112472534, 168.530426025, 168.936782837, 169.34312439, 169.761077881, 170.167434692, 170.573776245, 170.980133057, 171.386474609, 171.792831421, 172.199172974, 172.605529785, 173.011871338, 173.418228149, 173.824569702, 174.230926514, 174.637283325, 175.032012939, 175.449981689, 175.856323242, 176.262680054, 176.680633545, 177.075378418, 177.493331909, 177.888076782, 178.306030273, 178.723983765, 179.130340576, 179.536682129, 179.94303894, 180.349380493, 180.755737305, 181.162078857, 181.568435669, 181.974777222, 182.381134033, 182.775863647, 183.182220459, 183.60017395, 184.006530762, 184.412872314, 184.819229126, 185.225570679, 185.643539429, 186.06149292, 186.467849731, 186.874191284, 187.280548096, 187.686889648, 188.09324646, 188.499588013, 188.917541504, 189.323898315, 189.741851807, 190.159820557, 190.554550171, 190.960906982, 191.355636597, 191.773605347, 192.179946899, 192.586303711, 192.992645264, 193.399002075, 193.805343628, 194.211700439, 194.618041992, 195.024398804, 195.442352295, 195.848709106, 196.255050659, 196.673019409, 197.079360962, 197.485717773, 197.892059326, 198.298416138, 198.70475769, 199.111114502, 199.529067993, 199.923812866, 200.341766357, 200.74810791, 201.154464722, 201.549209595, 201.955551147, 202.361907959, 202.768249512, 203.174606323, 203.592559814, 204.010513306, 204.416870117, 204.82321167, 205.229568481, 205.635910034, 206.053878784, 206.460220337, 206.866577148, 207.272918701, 207.690887451, 208.097229004, 208.503585815, 208.909927368, 209.31628418, 209.722625732, 210.128982544, 210.535324097, 210.941680908, 211.348022461, 211.754379272, 212.160720825, 212.567077637, 212.973419189, 213.391372681, 213.797729492, 214.204071045, 214.622039795, 215.028381348, 215.434738159, 215.841079712, 216.247436523, 216.665390015, 217.060134888, 217.46647644, 217.872833252, 218.290786743, 218.697143555, 219.103485107, 219.49822998, 219.904571533, 220.310928345, 220.717269897, 221.123626709, 221.529968262, 221.936325073, 222.354278564, 222.772247314, 223.178588867, 223.584945679, 223.991287231, 224.397644043, 224.815597534, 225.221939087, 225.628295898, 226.034637451, 226.440994263, 226.835739136, 227.242080688, 227.6484375, 228.066390991, 228.461135864, 228.879089355, 229.285430908, 229.69178772, 230.109741211, 230.516098022, 230.922439575, 231.328796387, 231.735137939, 232.153106689, 232.559448242, 232.965805054, 233.360534668, 233.778503418, 234.184844971, 234.591201782, 235.009155273, 235.415512085, 235.821853638, 236.228210449, 236.634552002, 237.040908813, 237.447250366, 237.865203857, 238.283172607, 238.68951416, 239.095870972, 239.502212524, 239.908569336, 240.314910889, 240.7212677, 241.115997314, 241.522354126, 241.928695679, 242.346664429, 242.76461792, 243.170974731, 243.577316284, 243.983673096, 244.390014648, 244.807983398, 245.214324951, 245.620681763, 246.027023315, 246.433380127, 246.83972168, 247.246078491, 247.652420044, 248.058776855, 248.465118408, 248.87147522, 249.277816772, 249.684173584, 250.090515137, 250.496871948, 250.903213501, 251.309570312, 251.715911865],
    "bpm_histogram": [0, 0, 0, 0, 0, 0, 0, 0, 0, 0, 0, 0, 0, 0, 0, 0, 0, 0, 0, 0, 0, 0, 0, 0, 0, 0, 0, 0, 0, 0, 0, 0, 0, 0, 0, 0, 0, 0, 0, 0, 0, 0, 0, 0, 0, 0, 0, 0, 0, 0, 0, 0, 0, 0, 0, 0, 0, 0, 0, 0, 0, 0, 0, 0, 0, 0, 0, 0, 0, 0, 0, 0, 0, 0, 0, 0, 0, 0, 0, 0, 0, 0, 0, 0, 0, 0, 0, 0, 0, 0, 0, 0, 0, 0, 0, 0, 0, 0, 0, 0, 0, 0, 0, 0, 0, 0, 0, 0, 0, 0, 0, 0, 0, 0, 0, 0, 0, 0, 0, 0, 0, 0, 0, 0, 0, 0, 0, 0, 0, 0, 0, 0, 0, 0, 0, 0, 0, 0, 0, 0, 0.00324675324373, 0, 0, 0, 0.175324678421, 0, 0, 0, 0.771103918552, 0, 0, 0, 0.0503246746957, 0, 0, 0, 0, 0, 0, 0, 0, 0, 0, 0, 0, 0, 0, 0, 0, 0, 0, 0, 0, 0, 0, 0, 0, 0, 0, 0, 0, 0, 0, 0, 0, 0, 0, 0, 0, 0, 0, 0, 0, 0, 0, 0, 0, 0, 0, 0, 0, 0, 0, 0, 0, 0, 0, 0, 0, 0, 0, 0, 0, 0, 0, 0, 0, 0, 0, 0, 0, 0, 0, 0, 0, 0, 0, 0, 0, 0, 0, 0, 0, 0, 0, 0, 0, 0, 0, 0, 0, 0, 0, 0, 0, 0, 0, 0, 0, 0]
},
"tonal": {
    "chords_changes_rate": 0.0589101612568,
    "chords_number_rate": 0.00184094253927,
    "chords_strength": {
        "mean": 0.541200816631,
        "stdev": 0.110550716519
    },
    "hpcp_crest": {
        "mean": 11.5572004318,
        "stdev": 5.38233566284
    },
    "hpcp_entropy": {
        "mean": 2.29203629494,
        "stdev": 0.735415697098
    },
    "key_edma": {
        "strength": 0.671808004379,
        "key": "E",
        "scale": "major"
    },
    "key_krumhansl": {
        "strength": 0.671018123627,
        "key": "E",
        "scale": "major"
    },
    "key_temperley": {
        "strength": 0.673309743404,
        "key": "E",
        "scale": "major"
    },
    "tuning_diatonic_strength": 0.532256424427,
    "tuning_equal_tempered_deviation": 0.202521786094,
    "tuning_frequency": 434.193115234,
    "tuning_nontempered_energy_ratio": 0.921079397202,
    "hpcp": {
        "mean": [0.177423596382, 0.156946450472, 0.0784546807408, 0.0757513046265, 0.0843251273036, 0.139678776264, 0.304528743029, 0.318970233202, 0.179943457246, 0.120510198176, 0.0851842239499, 0.0729224011302, 0.106427513063, 0.124877750874, 0.114011786878, 0.159277677536, 0.166018038988, 0.107999898493, 0.0925855264068, 0.0872620120645, 0.109933674335, 0.197864875197, 0.2112993747, 0.132926255465, 0.0901915952563, 0.0808349773288, 0.112064257264, 0.255254596472, 0.260268300772, 0.115063674748, 0.0662388503551, 0.0513684004545, 0.0537498146296, 0.0696382448077, 0.0712809562683, 0.0967806354165],
        "stdev": [0.286234766245, 0.254680424929, 0.169640615582, 0.17182354629, 0.18858627975, 0.230304732919, 0.340105205774, 0.342203646898, 0.256852567196, 0.228190124035, 0.191110745072, 0.168847590685, 0.186967179179, 0.210253879428, 0.198986336589, 0.255897939205, 0.277247518301, 0.199601486325, 0.186824917793, 0.182457283139, 0.209408372641, 0.290670901537, 0.315577208996, 0.238181784749, 0.203930467367, 0.192049324512, 0.208418115973, 0.290948867798, 0.29725292325, 0.197921127081, 0.168915912509, 0.143771916628, 0.138230040669, 0.157212167978, 0.161470517516, 0.192412436008]
    },
    "chords_histogram": [5.22827672958, 0, 11.1192932129, 0, 1.06774663925, 0.257731944323, 0, 0, 0.184094250202, 0.294550806284, 0, 0, 0, 1.4911634922, 0, 0.202503681183, 0.257731944323, 1.47275400162, 0.0368188507855, 41.3107528687, 9.57290172577, 9.99631786346, 13.4756994247, 4.03166437149],
