{
"metadata": {
    "version": {
        "essentia": "2.1-beta6-dev",
        "essentia_git_sha": "v2.1_beta5-1177-g1d1cc983",
        "extractor": "music 2.0"
    },
    "audio_properties": {
        "analysis": {
            "equal_loudness": 0,
            "length": 200.839981079,
            "sample_rate": 44100,
            "start_time": 0,
            "downmix": "mix"
        },
        "bit_rate": 1536000,
        "length": 200.839996338,
        "lossless": 1,
        "number_channels": 2,
        "replay_gain": -4.84826087952,
        "sample_rate": 48000,
        "codec": "pcm_s16le",
        "md5_encoded": "14717999f03d9436ea7e5af9c11a6094"
    },
    "tags": {
        "file_name": "George Strait - All My Exs Live In Texas.wav",
        "album": ["Ocean Front Property"],
        "artist": ["George Strait"],
        "audiosourcewebpage": [""],
        "composer": ["Geffen*"],
        "copyright": ["© 1987 MCA Records Inc."],
        "date": ["1987-01-01"],
        "genre": ["country", "traditional country", "honky tonk"],
        "isrc": ["USMC18622149"],
        "title": ["All My Ex's Live In Texas"],
        "tracknumber": ["1\/10"]
    }
},
"lowlevel": {
    "average_loudness": 0.550301969051,
    "barkbands_crest": {
        "mean": 9.37576770782,
        "stdev": 3.70730018616
    },
    "barkbands_flatness_db": {
        "mean": 0.145941838622,
        "stdev": 0.0536645501852
    },
    "barkbands_kurtosis": {
        "mean": 4.45219898224,
        "stdev": 14.3516817093
    },
    "barkbands_skewness": {
        "mean": 1.43147182465,
        "stdev": 1.40909099579
    },
    "barkbands_spread": {
        "mean": 21.0234947205,
        "stdev": 14.1670951843
    },
    "dissonance": {
        "mean": 0.456857770681,
        "stdev": 0.0343324765563
    },
    "dynamic_complexity": 4.57584905624,
    "erbbands_crest": {
        "mean": 9.38266181946,
        "stdev": 4.49802207947
    },
    "erbbands_flatness_db": {
        "mean": 0.168673560023,
        "stdev": 0.0596957318485
    },
    "erbbands_kurtosis": {
        "mean": 0.482000648975,
        "stdev": 2.34637498856
    },
    "erbbands_skewness": {
        "mean": 0.13611716032,
        "stdev": 0.871173083782
    },
    "erbbands_spread": {
        "mean": 37.2108917236,
        "stdev": 20.7315330505
    },
    "hfc": {
        "mean": 16.504442215,
        "stdev": 23.2171707153
    },
    "loudness_ebu128": {
        "integrated": -19.8664340973,
        "loudness_range": 5.53754425049,
        "momentary": {
            "mean": -23.1926460266,
            "stdev": 21.1587200165
        },
        "short_term": {
            "mean": -20.9904708862,
            "stdev": 5.55778169632
        }
    },
    "melbands_crest": {
        "mean": 12.4240674973,
        "stdev": 4.77705669403
    },
    "melbands_flatness_db": {
        "mean": 0.21782374382,
        "stdev": 0.0679922774434
    },
    "melbands_kurtosis": {
        "mean": 13.363237381,
        "stdev": 35.5641288757
    },
    "melbands_skewness": {
        "mean": 2.48935270309,
        "stdev": 1.97959887981
    },
    "melbands_spread": {
        "mean": 23.0973815918,
        "stdev": 19.3192043304
    },
    "pitch_salience": {
        "mean": 0.569943964481,
        "stdev": 0.11343383044
    },
    "silence_rate_20dB": {
        "mean": 1,
        "stdev": 0
    },
    "silence_rate_30dB": {
        "mean": 0.993873536587,
        "stdev": 0.0780337378383
    },
    "silence_rate_60dB": {
        "mean": 0.123453937471,
        "stdev": 0.328958749771
    },
    "spectral_centroid": {
        "mean": 1326.41381836,
        "stdev": 1111.12023926
    },
    "spectral_complexity": {
        "mean": 14.9256734848,
        "stdev": 9.79101753235
    },
    "spectral_decrease": {
        "mean": -4.91327023511e-09,
        "stdev": 5.61484547745e-09
    },
    "spectral_energy": {
        "mean": 0.0200408231467,
        "stdev": 0.0229435302317
    },
    "spectral_energyband_high": {
        "mean": 0.000570103758946,
        "stdev": 0.00155904807616
    },
    "spectral_energyband_low": {
        "mean": 0.00658179726452,
        "stdev": 0.012807270512
    },
    "spectral_energyband_middle_high": {
        "mean": 0.00503897760063,
        "stdev": 0.0081276493147
    },
    "spectral_energyband_middle_low": {
        "mean": 0.00898320414126,
        "stdev": 0.0100971851498
    },
    "spectral_entropy": {
        "mean": 7.36358737946,
        "stdev": 0.564483642578
    },
    "spectral_flux": {
        "mean": 0.0652444064617,
        "stdev": 0.0540184304118
    },
    "spectral_kurtosis": {
        "mean": 7.36318683624,
        "stdev": 8.31106567383
    },
    "spectral_rms": {
        "mean": 0.00384212937206,
        "stdev": 0.00218862295151
    },
    "spectral_rolloff": {
        "mean": 1509.24768066,
        "stdev": 2081.13647461
    },
    "spectral_skewness": {
        "mean": 1.82947516441,
        "stdev": 0.775760769844
    },
    "spectral_spread": {
        "mean": 4381443.5,
        "stdev": 3799100
    },
    "spectral_strongpeak": {
        "mean": 0.938607513905,
        "stdev": 1.37360036373
    },
    "zerocrossingrate": {
        "mean": 0.0580411814153,
        "stdev": 0.0524182580411
    },
    "barkbands": {
        "mean": [6.36247423245e-05, 0.0026943825651, 0.00284382654354, 0.00191964418627, 0.00219767913222, 0.00121079117525, 0.001113363076, 0.00093374249991, 0.001360691851, 0.000926263164729, 0.000587501388509, 0.000651567999739, 0.000532271340489, 0.000611260766163, 0.000430907035479, 0.000404355232604, 0.000371377827832, 0.00020529559697, 0.000295220466796, 0.000182417948963, 9.63423372013e-05, 0.000112889058073, 8.76904741745e-05, 7.15295318514e-05, 5.92148971919e-05, 5.87467948208e-05, 1.82750172826e-05],
        "stdev": [0.000176397195901, 0.0064443917945, 0.00738552073017, 0.00513206189498, 0.00272949133068, 0.0018615956651, 0.00250160763972, 0.0024418332614, 0.00323185371235, 0.00273536960594, 0.00178924575448, 0.00217446149327, 0.0015988900559, 0.00172377470881, 0.0011069199536, 0.0011321506463, 0.000754563836381, 0.000368073204299, 0.00057623302564, 0.000580566644203, 0.000245586270466, 0.000285161513602, 0.000239404209424, 0.000225641473662, 0.000226273143198, 0.00028901436599, 7.94550287537e-05]
    },
    "erbbands": {
        "mean": [0.0634998977184, 0.678696870804, 2.60917329788, 5.62137985229, 6.9163980484, 7.34071063995, 7.74470996857, 10.9203071594, 12.3156061172, 22.6614723206, 22.1657581329, 28.927947998, 31.0504341125, 22.9456882477, 30.9561691284, 21.2547492981, 23.6824455261, 30.7707519531, 26.6255950928, 21.0054607391, 24.3486404419, 20.1561565399, 12.3371572495, 13.458316803, 14.6941080093, 8.2468214035, 4.37509202957, 3.94351530075, 3.89430856705, 3.35514855385, 2.36343693733, 1.5685043335, 1.18959259987, 0.731193125248, 0.378996223211, 0.235572546721, 0.114532478154, 0.0244279932231, 0.00319264363497, 0.00018582319899],
        "stdev": [0.145171508193, 1.59491205215, 5.81245946884, 15.4908390045, 11.6713857651, 10.4202537537, 12.8081626892, 18.6248130798, 20.4110431671, 68.9828567505, 49.8776817322, 70.5224609375, 83.1571807861, 58.2230491638, 103.228218079, 56.728553772, 68.8362503052, 88.0850372314, 65.651512146, 53.6584129333, 69.4215087891, 40.2958106995, 21.9289131165, 24.8128032684, 31.8098964691, 23.8185806274, 10.9035253525, 10.3222723007, 9.54337406158, 8.92346000671, 6.49759197235, 4.83267736435, 3.86745357513, 2.6678404808, 1.58070039749, 1.09649944305, 0.599173009396, 0.118399821222, 0.0139573477209, 0.000715884612873]
    },
    "gfcc": {
        "mean": [-57.6849212646, 104.623565674, -111.942070007, 27.0594921112, -46.8203544617, 6.87560033798, -40.5357551575, 7.34153747559, -19.8402614594, -4.15060138702, -11.5641317368, -5.16849040985, -11.3819446564],
        "cov": [[27595.828125, -422.679443359, -1802.71166992, 662.918945312, -799.888916016, 293.275421143, -550.609680176, 224.726852417, -557.041625977, -70.3129959106, -401.538909912, -80.8555526733, -572.604248047], [-422.679443359, 2029.67602539, -563.984558105, -400.685821533, 146.442749023, -59.6891174316, -73.9054107666, 56.197681427, 203.718475342, -117.960891724, 163.54838562, -93.7470321655, 125.529418945], [-1802.71166992, -563.984558105, 1029.10681152, 302.645690918, 66.0359039307, 75.3715591431, 103.385948181, -33.9300537109, -0.728618144989, 127.079360962, -11.942489624, 94.7109146118, 22.1704082489], [662.918945312, -400.685821533, 302.645690918, 722.080871582, -5.24100589752, 3.54645872116, -36.2970809937, -17.1171150208, -43.0454101562, 66.6312103271, -14.9332208633, 49.0790863037, 27.2113418579], [-799.888916016, 146.442749023, 66.0359039307, -5.24100589752, 366.963348389, -18.9207839966, -4.37973499298, 49.4988555908, 73.9755706787, 2.93935441971, 26.7099990845, 13.043299675, 31.2649345398], [293.275421143, -59.6891174316, 75.3715591431, 3.54645872116, -18.9207839966, 306.964324951, 111.044120789, 5.88463640213, -7.9119682312, 48.0615005493, -11.7247657776, -20.833738327, 11.9072380066], [-550.609680176, -73.9054107666, 103.385948181, -36.2970809937, -4.37973499298, 111.044120789, 297.583984375, 34.3418159485, -24.0693225861, 5.99159574509, 4.85303544998, 13.813451767, -3.79584264755], [224.726852417, 56.197681427, -33.9300537109, -17.1171150208, 49.4988555908, 5.88463640213, 34.3418159485, 185.56867981, 40.2755775452, -12.7257089615, 26.4464378357, 4.64458179474, -4.06432151794], [-557.041625977, 203.718475342, -0.728618144989, -43.0454101562, 73.9755706787, -7.9119682312, -24.0693225861, 40.2755775452, 154.648742676, 34.0286750793, 23.6886425018, -20.5949954987, 18.6045608521], [-70.3129959106, -117.960891724, 127.079360962, 66.6312103271, 2.93935441971, 48.0615005493, 5.99159574509, -12.7257089615, 34.0286750793, 129.950592041, -3.40136909485, -7.90813302994, 4.64608764648], [-401.538909912, 163.54838562, -11.942489624, -14.9332208633, 26.7099990845, -11.7247657776, 4.85303544998, 26.4464378357, 23.6886425018, -3.40136909485, 106.058929443, 14.8188867569, 10.8038387299], [-80.8555526733, -93.7470321655, 94.7109146118, 49.0790863037, 13.043299675, -20.833738327, 13.813451767, 4.64458179474, -20.5949954987, -7.90813302994, 14.8188867569, 100.243469238, 18.6795368195], [-572.604248047, 125.529418945, 22.1704082489, 27.2113418579, 31.2649345398, 11.9072380066, -3.79584264755, -4.06432151794, 18.6045608521, 4.64608764648, 10.8038387299, 18.6795368195, 110.375015259]],
        "icov": [[7.45580691728e-05, -6.16276447545e-05, 0.000150696592755, -0.000125382779515, 7.79504334787e-05, -0.000161768693943, 0.000173890919541, -0.000198571549845, 0.000255874329014, -0.000155590794748, 0.000306342233671, -0.000220705405809, 0.000422348704888], [-6.16276447545e-05, 0.00102268799674, 0.000195902277483, 0.000350716494722, -0.000195620305021, 0.000121443765238, -0.000126152837765, 0.0003750398173, -0.00117270997725, 0.000900225539226, -0.00145665346645, 0.000908435089514, -0.0014082302805], [0.000150696592755, 0.000195902277483, 0.00185206427705, -0.000613791111391, -0.000159834671649, -0.000436128990259, -0.000133427907713, 1.03564552774e-05, 6.52923554298e-05, -0.00118311913684, 0.000471030070912, -0.00147053960245, 0.000667970103677], [-0.000125382779515, 0.000350716494722, -0.000613791111391, 0.00201220205054, -0.000126340310089, 0.000331733579515, 0.00016618630616, 0.000139697993291, 7.27188089513e-05, -0.000268395844614, -0.000691498571541, 0.000231440892094, -0.00138370413333], [7.79504334787e-05, -0.000195620305021, -0.000159834671649, -0.000126340310089, 0.00331203686073, -8.19113483885e-06, 0.000218528628466, -0.000795295287389, -0.000976569135673, 0.000155446163262, 0.000217770662857, -0.000546277442481, -3.9734535676e-05], [-0.000161768693943, 0.000121443765238, -0.000436128990259, 0.000331733579515, -8.19113483885e-06, 0.0045605795458, -0.00187803257722, 0.000212597122299, -2.29629240494e-05, -0.00113780784886, -0.000357947486918, 0.00170960649848, -0.00172048271634], [0.000173890919541, -0.000126152837765, -0.000133427907713, 0.00016618630616, 0.000218528628466, -0.00187803257722, 0.00475103547797, -0.00138787878677, 0.00143293198198, -0.000103328980913, 0.000415842921939, -0.0009344034479, 0.0011646511266], [-0.000198571549845, 0.0003750398173, 1.03564552774e-05, 0.000139697993291, -0.000795295287389, 0.000212597122299, -0.00138787878677, 0.00697812670842, -0.00276490766555, 0.00153035647236, -0.00205596070737, 7.62107520131e-05, -0.000491663930006], [0.000255874329014, -0.00117270997725, 6.52923554298e-05, 7.27188089513e-05, -0.000976569135673, -2.29629240494e-05, 0.00143293198198, -0.00276490766555, 0.0111435633153, -0.00421968940645, 0.000840102904476, 0.000720326264855, 0.000951825582888], [-0.000155590794748, 0.000900225539226, -0.00118311913684, -0.000268395844614, 0.000155446163262, -0.00113780784886, -0.000103328980913, 0.00153035647236, -0.00421968940645, 0.0115418257192, -0.00154091103468, 0.0021824168507, -0.00138876505662], [0.000306342233671, -0.00145665346645, 0.000471030070912, -0.000691498571541, 0.000217770662857, -0.000357947486918, 0.000415842921939, -0.00205596070737, 0.000840102904476, -0.00154091103468, 0.013209589757, -0.00365127855912, 0.00248547876254], [-0.000220705405809, 0.000908435089514, -0.00147053960245, 0.000231440892094, -0.000546277442481, 0.00170960649848, -0.0009344034479, 7.62107520131e-05, 0.000720326264855, 0.0021824168507, -0.00365127855912, 0.0141259515658, -0.00424535805359], [0.000422348704888, -0.0014082302805, 0.000667970103677, -0.00138370413333, -3.9734535676e-05, -0.00172048271634, 0.0011646511266, -0.000491663930006, 0.000951825582888, -0.00138876505662, 0.00248547876254, -0.00424535805359, 0.0136516401544]]
    },
    "melbands": {
        "mean": [0.000678926240653, 0.00123850570526, 0.00101657793857, 0.000523196766153, 0.000280277978163, 0.000240114546614, 0.000196592343855, 0.000243055954343, 0.00019331992371, 0.000178534261067, 0.000158283728524, 9.71761110122e-05, 9.78204625426e-05, 7.46232763049e-05, 5.23817470821e-05, 5.38323547516e-05, 5.72091594222e-05, 4.51855703432e-05, 2.93954835797e-05, 2.61687800958e-05, 2.81056873064e-05, 2.1818346795e-05, 1.46852416947e-05, 9.55564428295e-06, 1.08631238618e-05, 1.13232044896e-05, 9.39237725106e-06, 4.4684607019e-06, 2.88068258669e-06, 2.1431640107e-06, 2.38521010942e-06, 2.18290119847e-06, 2.21997925109e-06, 1.71785313796e-06, 1.39320843573e-06, 1.11326107799e-06, 8.89852287855e-07, 8.35346952499e-07, 7.79882839197e-07, 5.55183021334e-07],
        "stdev": [0.0016040346818, 0.00251510040835, 0.00251587154344, 0.000679946795572, 0.00042087471229, 0.000385493127396, 0.000331174058374, 0.000699445081409, 0.000447296944913, 0.000433153036283, 0.000433122506365, 0.000260049651843, 0.000304007640807, 0.000259551859926, 0.00015485197946, 0.000165148143424, 0.000170575251104, 0.000119929907669, 7.43303171475e-05, 6.885016046e-05, 7.99544577603e-05, 4.58409303974e-05, 3.16848090733e-05, 1.86003817362e-05, 2.13626517507e-05, 2.33131977438e-05, 3.06340807583e-05, 1.24149100884e-05, 7.41237181501e-06, 5.69707344766e-06, 6.37244238533e-06, 5.28934879185e-06, 6.17831847194e-06, 4.66935580334e-06, 3.8474286157e-06, 3.51039352608e-06, 2.77609865407e-06, 2.68135090664e-06, 2.73507839665e-06, 2.13403723137e-06]
    },
    "melbands128": {
        "mean": [5.39319080417e-05, 0.000387362786569, 0.00101803266443, 0.00110141793266, 0.00114384747576, 0.00152304861695, 0.0011681728065, 0.000942586746532, 0.000639746023808, 0.000580165942665, 0.000376898300601, 0.000288227398414, 0.000244604219915, 0.00027768893051, 0.000266310031293, 0.000209302786971, 0.000176745801582, 0.000188109203009, 0.000204230629606, 0.000313813710818, 0.000218225439312, 0.000182416202733, 0.00015112455003, 0.000268346542725, 0.000191657964024, 0.000142504839459, 0.000161952659255, 0.000145318408613, 0.000185882832739, 0.000110105080239, 5.36090374226e-05, 8.58248604345e-05, 9.5343159046e-05, 0.000109605905891, 0.000120574128232, 4.07631960115e-05, 4.37453600171e-05, 5.66629132663e-05, 5.66663657082e-05, 4.6828561608e-05, 4.51502455689e-05, 7.86049422459e-05, 5.41245899512e-05, 4.72688261652e-05, 5.97254947934e-05, 4.01352190238e-05, 3.92813781218e-05, 2.49184540735e-05, 2.55664472206e-05, 3.50999653165e-05, 1.74687775143e-05, 2.61640761892e-05, 4.09185886383e-05, 1.87971127161e-05, 2.52499776252e-05, 2.35726001847e-05, 1.60726303875e-05, 2.17387769226e-05, 1.11035451482e-05, 8.069316209e-06, 1.01363557405e-05, 9.83095014817e-06, 9.33456522034e-06, 1.18733714771e-05, 1.25813448904e-05, 1.04220007415e-05, 1.18031603051e-05, 1.00683500932e-05, 1.01842706499e-05, 6.33380841464e-06, 4.32222441304e-06, 3.39470739164e-06, 3.38437075698e-06, 2.87565376311e-06, 2.13337057176e-06, 2.21791378863e-06, 2.11107544601e-06, 2.01840884984e-06, 2.48247283707e-06, 2.86813406092e-06, 1.92371066987e-06, 2.16405533138e-06, 1.98306634047e-06, 2.6510256248e-06, 1.86968338767e-06, 1.8407204152e-06, 1.69419615759e-06, 1.44163630011e-06, 1.35025572945e-06, 1.43883369219e-06, 1.12709460609e-06, 1.05270169115e-06, 1.00312786344e-06, 8.75573675785e-07, 8.33422518554e-07, 8.31132297208e-07, 8.34746970213e-07, 8.40589905238e-07, 7.78917637945e-07, 7.97799657448e-07, 6.28281611625e-07, 5.0213969871e-07, 4.75957875778e-07, 4.29385238476e-07, 4.38836735839e-07, 3.87043940009e-07, 3.82389600873e-07, 4.11642133713e-07, 4.06528158692e-07, 4.11077309082e-07, 4.13338881344e-07, 4.37082690041e-07, 3.91877733819e-07, 3.10333177822e-07, 2.59475626763e-07, 2.20278437268e-07, 1.64956958315e-07, 1.34057458467e-07, 1.08166034352e-07, 9.85636106066e-08, 9.20629830148e-08, 7.20571264878e-08, 5.93755871137e-08, 4.61856473066e-08, 2.37377761891e-08, 2.37077135701e-09, 2.88939011606e-12, 2.39291095619e-12],
        "stdev": [0.00015101119061, 0.000876014179084, 0.00256479694508, 0.00277205836028, 0.00232148263603, 0.00423818500713, 0.00347471283749, 0.00229622633196, 0.00114529009443, 0.000898023252375, 0.000671186833642, 0.000542241206858, 0.000543034693692, 0.000514458632097, 0.000535480328836, 0.000520940811839, 0.000373523216695, 0.000448052654974, 0.000584137276746, 0.00127787375823, 0.000689430802595, 0.000621207698714, 0.000489306345116, 0.000883889617398, 0.000637148390524, 0.000556019658688, 0.000612247502431, 0.00056334072724, 0.000699784955941, 0.000376180309104, 0.000195134867681, 0.000300161773339, 0.000344653613865, 0.000526725547388, 0.00060128455516, 0.000159500952577, 0.000188385063666, 0.000227307842579, 0.000216019398067, 0.000233728103922, 0.0002043483546, 0.000327438727254, 0.000237587475567, 0.000216233020183, 0.000224242859986, 0.000145141442772, 0.000159974690177, 9.23347834032e-05, 8.18084881757e-05, 0.000150744090206, 5.5766391597e-05, 0.000108173269837, 0.000168915183167, 4.6991121053e-05, 6.50338988635e-05, 6.09668022662e-05, 4.57328933408e-05, 5.72246717638e-05, 2.64431200776e-05, 1.80513961823e-05, 2.94025630865e-05, 1.95672964765e-05, 2.21711961785e-05, 2.82007295027e-05, 3.23164786096e-05, 2.57590272668e-05, 2.94401816063e-05, 2.84114594251e-05, 4.62212628918e-05, 2.33801274589e-05, 1.27526891447e-05, 1.00943043435e-05, 9.44825205806e-06, 8.52911762195e-06, 5.55507540412e-06, 6.11432460573e-06, 6.38082156001e-06, 5.69149915464e-06, 6.8741414907e-06, 8.27735038911e-06, 4.72357214676e-06, 5.37871164852e-06, 5.25940595253e-06, 8.39466611069e-06, 5.19474360772e-06, 5.52993014935e-06, 5.28432428837e-06, 4.14246687797e-06, 3.84987151847e-06, 4.18850459027e-06, 3.53085101779e-06, 4.07523157264e-06, 3.27983616444e-06, 2.96617554341e-06, 2.70920691037e-06, 2.69161864708e-06, 2.82221026282e-06, 3.08003086502e-06, 2.87461011794e-06, 2.81818483927e-06, 2.51124129136e-06, 2.13413090933e-06, 1.95046459339e-06, 1.80284746421e-06, 1.87483772152e-06, 1.86236968602e-06, 1.81113966846e-06, 1.9784909e-06, 1.96169230549e-06, 2.03037075153e-06, 2.12716281567e-06, 2.38328993873e-06, 2.3146528747e-06, 1.69256406934e-06, 1.39453936754e-06, 1.140949621e-06, 8.20516390831e-07, 6.2486179786e-07, 4.92317212775e-07, 4.56452596609e-07, 4.24028513635e-07, 3.25608084495e-07, 2.74001990874e-07, 2.12180580661e-07, 1.08286251077e-07, 1.14198455137e-08, 6.24073839481e-12, 4.8998986292e-12]
    },
    "mfcc": {
        "mean": [-694.96472168, 136.071426392, -2.4714050293, 21.5456066132, 13.3041734695, -0.3853482306, -2.25537991524, 4.15040922165, -5.25792837143, 3.06259036064, -1.05468678474, -4.16785955429, 0.658315658569],
        "cov": [[13464.0839844, -331.402954102, -351.211242676, 226.406768799, -114.879974365, 58.0069007874, 100.897285461, 204.836898804, -124.319389343, 28.7726802826, 102.429611206, -141.069824219, -93.2496261597], [-331.402954102, 2117.61645508, -493.931152344, -373.435241699, 172.813766479, -210.827468872, -98.0901565552, 93.2682342529, -37.5860061646, 90.3743972778, 41.1110305786, -12.5592136383, 27.1809558868], [-351.211242676, -493.931152344, 794.711120605, 235.487808228, -42.1538238525, 188.426986694, 69.423248291, -66.7809677124, 69.5422744751, -50.3307304382, -8.90903663635, 68.3096923828, 21.4871864319], [226.406768799, -373.435241699, 235.487808228, 592.736450195, 130.044433594, 24.6505393982, -12.0579071045, -20.9711723328, 4.91531181335, -49.8526077271, -39.6099510193, 26.4699459076, 52.1515731812], [-114.879974365, 172.813766479, -42.1538238525, 130.044433594, 372.668792725, -25.9345207214, -75.929069519, -9.37792873383, 0.41728785634, 33.2080993652, 1.07547521591, -0.452945172787, 37.2610626221], [58.0069007874, -210.827468872, 188.426986694, 24.6505393982, -25.9345207214, 290.60269165, 88.1223068237, -54.0562667847, 57.1524620056, 1.80945754051, 6.66411066055, 19.8144950867, -30.7172470093], [100.897285461, -98.0901565552, 69.423248291, -12.0579071045, -75.929069519, 88.1223068237, 218.622756958, 69.5662536621, 30.8058166504, 4.94813966751, 9.96337795258, 24.2949008942, -13.3079557419], [204.836898804, 93.2682342529, -66.7809677124, -20.9711723328, -9.37792873383, -54.0562667847, 69.5662536621, 187.293182373, 8.29710674286, 3.25896215439, 18.4628200531, 4.17205142975, 10.7020740509], [-124.319389343, -37.5860061646, 69.5422744751, 4.91531181335, 0.41728785634, 57.1524620056, 30.8058166504, 8.29710674286, 137.225250244, 35.2715835571, 4.29364347458, 12.5425338745, -2.18000268936], [28.7726802826, 90.3743972778, -50.3307304382, -49.8526077271, 33.2080993652, 1.80945754051, 4.94813966751, 3.25896215439, 35.2715835571, 153.567138672, 44.8537445068, -3.67369699478, -2.79550981522], [102.429611206, 41.1110305786, -8.90903663635, -39.6099510193, 1.07547521591, 6.66411066055, 9.96337795258, 18.4628200531, 4.29364347458, 44.8537445068, 105.692459106, 25.4655609131, -9.18499279022], [-141.069824219, -12.5592136383, 68.3096923828, 26.4699459076, -0.452945172787, 19.8144950867, 24.2949008942, 4.17205142975, 12.5425338745, -3.67369699478, 25.4655609131, 91.2849121094, 28.2663002014], [-93.2496261597, 27.1809558868, 21.4871864319, 52.1515731812, 37.2610626221, -30.7172470093, -13.3079557419, 10.7020740509, -2.18000268936, -2.79550981522, -9.18499279022, 28.2663002014, 96.4458084106]],
        "icov": [[8.2808022853e-05, 1.08974745672e-05, 5.39305219718e-05, -7.49510872993e-05, 4.5041062549e-05, -7.41363037378e-05, 2.6583379622e-06, -0.000102058664197, 8.51022487041e-05, -1.75930526893e-05, -0.000114530397695, 0.000142993812915, 2.47824755206e-05], [1.08974745672e-05, 0.000666973122861, 0.000215549356653, 0.000408838357544, -0.000364593754057, 0.00018920795992, 0.000128164378111, -0.000219671012019, 2.50878238148e-05, -0.000130413885927, 1.04725004348e-05, -0.000204738331377, -0.000145561032696], [5.39305219718e-05, 0.000215549356653, 0.00200043991208, -0.000601293635555, 0.000272024190053, -0.000833591737319, -0.000148488921695, 0.000384132290492, -0.000573264842387, 0.000441319629317, -0.000215085281525, -0.000734824279789, -0.000368131091818], [-7.49510872993e-05, 0.000408838357544, -0.000601293635555, 0.0026131325867, -0.00114014442079, 0.00029272356187, 6.14729970039e-06, -4.39003379142e-05, 2.7010552003e-05, 0.000440095376689, 0.000683385704178, -0.000384907994885, -0.000736044021323], [4.5041062549e-05, -0.000364593754057, 0.000272024190053, -0.00114014442079, 0.00364683638327, -0.000511395395733, 0.00116550142411, -0.000227008218644, -1.10107730507e-05, -0.000855447957292, -0.000140812931932, 0.000226255724556, -0.000788345234469], [-7.41363037378e-05, 0.00018920795992, -0.000833591737319, 0.00029272356187, -0.000511395395733, 0.00571853853762, -0.00245734094642, 0.00228758249432, -0.001576894545, 0.00027505174512, -0.000335591408657, -0.000347001216142, 0.00137046549935], [2.6583379622e-06, 0.000128164378111, -0.000148488921695, 6.14729970039e-06, 0.00116550142411, -0.00245734094642, 0.00741885276511, -0.00359478429891, 1.54438803293e-05, -0.000766529992688, 0.000783824245445, -0.00161172484513, 0.000710998952854], [-0.000102058664197, -0.000219671012019, 0.000384132290492, -4.39003379142e-05, -0.000227008218644, 0.00228758249432, -0.00359478429891, 0.00791213754565, -0.00123830395751, 0.000969911692664, -0.0015721450327, 0.000585191708524, -0.000977426418103], [8.51022487041e-05, 2.50878238148e-05, -0.000573264842387, 2.7010552003e-05, -1.10107730507e-05, -0.001576894545, 1.54438803293e-05, -0.00123830395751, 0.00910157803446, -0.00260112062097, 0.00114218995441, -0.000818703440018, 0.000308941758703], [-1.75930526893e-05, -0.000130413885927, 0.000441319629317, 0.000440095376689, -0.000855447957292, 0.00027505174512, -0.000766529992688, 0.000969911692664, -0.00260112062097, 0.00884038675576, -0.00394558673725, 0.00164580880664, -0.000772512692492], [-0.000114530397695, 1.04725004348e-05, -0.000215085281525, 0.000683385704178, -0.000140812931932, -0.000335591408657, 0.000783824245445, -0.0015721450327, 0.00114218995441, -0.00394558673725, 0.0130685446784, -0.00498569803312, 0.00241206795909], [0.000142993812915, -0.000204738331377, -0.000734824279789, -0.000384907994885, 0.000226255724556, -0.000347001216142, -0.00161172484513, 0.000585191708524, -0.000818703440018, 0.00164580880664, -0.00498569803312, 0.0153639698401, -0.00486593553796], [2.47824755206e-05, -0.000145561032696, -0.000368131091818, -0.000736044021323, -0.000788345234469, 0.00137046549935, 0.000710998952854, -0.000977426418103, 0.000308941758703, -0.000772512692492, 0.00241206795909, -0.00486593553796, 0.0135015519336]]
    },
    "spectral_contrast_coeffs": {
        "mean": [-0.720451772213, -0.737295925617, -0.757520437241, -0.766476809978, -0.769580006599, -0.795214354992],
        "stdev": [0.0809650346637, 0.0807141661644, 0.0789064019918, 0.068290643394, 0.070103213191, 0.0418409183621]
    },
    "spectral_contrast_valleys": {
        "mean": [-7.06462860107, -7.33391618729, -8.13205909729, -8.31751251221, -8.4471950531, -11.0071191788],
        "stdev": [2.22770833969, 2.18170809746, 2.16105937958, 2.14139556885, 2.21932291985, 2.09944796562]
    }
},
"rhythm": {
    "beats_count": 436,
    "beats_loudness": {
        "mean": 0.0471176318824,
        "stdev": 0.0297615267336
    },
    "bpm": 130.444732666,
    "bpm_histogram_first_peak_bpm": 129,
    "bpm_histogram_first_peak_weight": 0.413461565971,
    "bpm_histogram_second_peak_bpm": 152,
    "bpm_histogram_second_peak_spread": 0,
    "bpm_histogram_second_peak_weight": 0.0137931033969,
    "danceability": 1.13636994362,
    "onset_rate": 3.39054608345,
    "beats_loudness_band_ratio": {
        "mean": [0.567493975163, 0.142488539219, 0.112927809358, 0.0725740939379, 0.0654524639249, 0.0660941824317],
        "stdev": [0.222895279527, 0.104643277824, 0.117897383869, 0.103530280292, 0.0765672102571, 0.0785701349378]
    },
    "beats_position": [0.46439909935, 0.940408170223, 1.4164172411, 1.88081634045, 2.34521532059, 2.80961441994, 3.26240348816, 3.7151927948, 4.17959165573, 4.6439909935, 5.10838985443, 5.56117916107, 6.01396799088, 6.47836732864, 6.93115615845, 7.38394546509, 7.84834432602, 8.31274318695, 8.77714252472, 9.24154186249, 9.70594120026, 10.1703395844, 10.623128891, 11.0875282288, 11.5403175354, 12.0047159195, 12.4691152573, 12.9219045639, 13.3746938705, 13.8390922546, 14.3034915924, 14.7678909302, 15.2322902679, 15.6850786209, 16.1378688812, 16.5906581879, 17.0434455872, 17.5194549561, 17.9838542938, 18.4598636627, 18.9242630005, 19.3770523071, 19.8298416138, 20.2942390442, 20.758638382, 21.1998176575, 21.6526069641, 22.1053962708, 22.5581855774, 23.010974884, 23.4637641907, 23.9165534973, 24.369342804, 24.8221302032, 25.286529541, 25.7393188477, 26.1921081543, 26.6565074921, 27.1209068298, 27.5736961365, 28.0264854431, 28.4908847809, 28.9552822113, 29.4080715179, 29.8608608246, 30.3136501312, 30.7664394379, 31.2308387756, 31.6836280823, 32.1480255127, 32.6008148193, 33.0652160645, 33.5180053711, 33.9824028015, 34.4351921082, 34.8995895386, 35.3639907837, 35.8167800903, 36.269569397, 36.7223587036, 37.1751480103, 37.6395454407, 38.1039466858, 38.5567321777, 39.0095214844, 39.4739227295, 39.9383201599, 40.402721405, 40.8555107117, 41.3083000183, 41.761089325, 42.2138786316, 42.678276062, 43.1426734924, 43.5954627991, 44.0482521057, 44.5126533508, 44.9770507812, 45.4414520264, 45.9058494568, 46.3586387634, 46.8230361938, 47.2758255005, 47.7286148071, 48.1814041138, 48.6458053589, 49.1102027893, 49.5746040344, 50.0273895264, 50.480178833, 50.9445800781, 51.4089775085, 51.8733787537, 52.3261680603, 52.7789573669, 53.2317466736, 53.696144104, 54.1489334106, 54.6133308411, 55.0777320862, 55.5421295166, 55.9949188232, 56.4477081299, 56.912109375, 57.3648986816, 57.8176841736, 58.2820854187, 58.7348747253, 59.187664032, 59.6520614624, 60.1164627075, 60.5808601379, 61.0336494446, 61.4864387512, 61.9508361816, 62.4152374268, 62.8796348572, 63.3324241638, 63.7852134705, 64.2380065918, 64.6907958984, 65.1551895142, 65.6079788208, 66.0607681274, 66.5251693726, 66.9895706177, 67.4539642334, 67.9183654785, 68.3827667236, 68.8355560303, 69.2883453369, 69.7527389526, 70.2171401978, 70.6699295044, 71.122718811, 71.5871200562, 72.0515213013, 72.515914917, 72.9803161621, 73.4563217163, 73.9323348999, 74.396736145, 74.8611297607, 75.3255310059, 75.789932251, 76.2543258667, 76.7187271118, 77.1831283569, 77.6475296021, 78.1119232178, 78.5763244629, 79.040725708, 79.5051269531, 79.9695205688, 80.433921814, 80.8983230591, 81.3627166748, 81.8155059814, 82.2799072266, 82.7443084717, 83.1970977783, 83.661491394, 84.1142807007, 84.5670700073, 85.0314712524, 85.4958724976, 85.9486618042, 86.4130630493, 86.877456665, 87.3302459717, 87.7946472168, 88.2590484619, 88.7118377686, 89.1762313843, 89.6290206909, 90.093421936, 90.5578231812, 91.0222167969, 91.486618042, 91.9394073486, 92.3921966553, 92.8565979004, 93.3209991455, 93.7853927612, 94.2497940063, 94.702583313, 95.1553726196, 95.6081619263, 96.0609512329, 96.525352478, 96.9897460938, 97.4425354004, 97.895324707, 98.3481140137, 98.8009033203, 99.2653045654, 99.7297058105, 100.182495117, 100.635284424, 101.08807373, 101.540863037, 102.005256653, 102.469657898, 102.922447205, 103.375236511, 103.839637756, 104.304031372, 104.768432617, 105.232833862, 105.685623169, 106.138412476, 106.602806091, 107.067207336, 107.531608582, 107.996009827, 108.460403442, 108.924804688, 109.377593994, 109.830383301, 110.294784546, 110.759178162, 111.223579407, 111.687980652, 112.152381897, 112.616775513, 113.081176758, 113.545578003, 113.99836731, 114.451156616, 114.915550232, 115.379951477, 115.844352722, 116.308753967, 116.761543274, 117.214332581, 117.678726196, 118.143127441, 118.607528687, 119.071922302, 119.536323547, 120.000724792, 120.465126038, 120.929519653, 121.393920898, 121.858322144, 122.322715759, 122.787117004, 123.25151825, 123.715919495, 124.18031311, 124.633102417, 125.085891724, 125.53868103, 125.991470337, 126.455871582, 126.920272827, 127.384666443, 127.849067688, 128.313461304, 128.777862549, 129.230651855, 129.683441162, 130.147842407, 130.600631714, 131.053421021, 131.506210327, 131.958999634, 132.423400879, 132.887802124, 133.352203369, 133.816589355, 134.280990601, 134.745391846, 135.209793091, 135.662582397, 136.115371704, 136.579772949, 137.044174194, 137.508575439, 137.972961426, 138.437362671, 138.901763916, 139.366165161, 139.830566406, 140.294967651, 140.759368896, 141.223754883, 141.688156128, 142.152557373, 142.616958618, 143.081359863, 143.53414917, 143.986938477, 144.451339722, 144.915740967, 145.380126953, 145.844528198, 146.308929443, 146.773330688, 147.249343872, 147.725341797, 148.212966919, 148.677368164, 149.141769409, 149.606170654, 150.070556641, 150.534957886, 150.999359131, 151.463760376, 151.928161621, 152.392562866, 152.856964111, 153.321365356, 153.785751343, 154.250152588, 154.702941895, 155.155731201, 155.620132446, 156.084533691, 156.548934937, 157.001724243, 157.466125488, 157.918914795, 158.371704102, 158.824493408, 159.288879395, 159.75328064, 160.206069946, 160.658859253, 161.123260498, 161.587661743, 162.052062988, 162.504852295, 162.957641602, 163.422042847, 163.886444092, 164.350830078, 164.815231323, 165.279632568, 165.732421875, 166.185211182, 166.649612427, 167.114013672, 167.566802979, 168.019592285, 168.48399353, 168.948379517, 169.412780762, 169.877182007, 170.329971313, 170.78276062, 171.235549927, 171.699951172, 172.152740479, 172.617141724, 173.081542969, 173.545944214, 173.998733521, 174.451522827, 174.904312134, 175.35710144, 175.821487427, 176.285888672, 176.738677979, 177.191467285, 177.65586853, 178.120269775, 178.573059082, 179.025848389, 179.490249634, 179.94303894, 180.395828247, 180.860229492, 181.324615479, 181.789016724, 182.24180603, 182.694595337, 183.147384644, 183.60017395, 184.064575195, 184.517364502, 184.970153809, 185.434555054, 185.898956299, 186.363357544, 186.827758789, 187.268936157, 187.721725464, 188.174514771, 188.638900757, 189.091690063, 189.54447937, 189.997268677, 190.438461304, 190.89125061, 191.355636597, 191.843261719, 192.330886841, 192.830108643, 193.340942383, 193.851791382, 194.374237061, 194.757369995, 195.140487671, 195.535232544, 195.929977417, 196.324707031, 196.719451904, 197.114196777, 197.508926392, 197.95010376, 198.402893066, 198.867294312, 199.320083618, 199.784484863, 200.248886108],
    "bpm_histogram": [0, 0, 0, 0, 0, 0, 0, 0, 0, 0, 0, 0, 0, 0, 0, 0, 0, 0, 0, 0, 0, 0, 0, 0, 0, 0, 0, 0, 0, 0, 0, 0, 0, 0, 0, 0, 0, 0, 0, 0, 0, 0, 0, 0, 0, 0, 0, 0, 0, 0, 0, 0, 0, 0, 0, 0, 0, 0, 0, 0, 0, 0, 0, 0, 0, 0, 0, 0, 0, 0, 0, 0, 0, 0, 0, 0, 0, 0, 0, 0, 0, 0, 0, 0, 0, 0, 0, 0, 0, 0, 0, 0, 0, 0, 0, 0, 0, 0, 0, 0, 0, 0, 0, 0, 0, 0, 0, 0, 0, 0, 0, 0, 0, 0, 0, 0.00229885056615, 0, 0.0045977011323, 0, 0, 0.00229885056615, 0, 0, 0.00689655169845, 0, 0, 0.0183908045292, 0, 0, 0.560919523239, 0, 0, 0, 0.37701150775, 0, 0, 0.0091954022646, 0, 0, 0, 0, 0, 0, 0, 0, 0, 0, 0, 0, 0, 0, 0, 0.0137931033969, 0, 0, 0, 0, 0.0045977011323, 0, 0, 0, 0, 0, 0, 0, 0, 0, 0, 0, 0, 0, 0, 0, 0, 0, 0, 0, 0, 0, 0, 0, 0, 0, 0, 0, 0, 0, 0, 0, 0, 0, 0, 0, 0, 0, 0, 0, 0, 0, 0, 0, 0, 0, 0, 0, 0, 0, 0, 0, 0, 0, 0, 0, 0, 0, 0, 0, 0, 0, 0, 0, 0, 0, 0, 0, 0, 0, 0, 0, 0, 0, 0, 0, 0, 0, 0, 0, 0, 0, 0, 0, 0, 0, 0, 0, 0, 0, 0, 0, 0]
},
"tonal": {
    "chords_changes_rate": 0.0698104500771,
    "chords_number_rate": 0.003005085513,
    "chords_strength": {
        "mean": 0.551280975342,
        "stdev": 0.106832228601
    },
    "hpcp_crest": {
        "mean": 13.6449642181,
        "stdev": 6.84333324432
    },
    "hpcp_entropy": {
        "mean": 1.96250510216,
        "stdev": 0.749334812164
    },
    "key_edma": {
        "strength": 0.797289788723,
        "key": "E",
        "scale": "major"
    },
    "key_krumhansl": {
        "strength": 0.810465812683,
        "key": "E",
        "scale": "major"
    },
    "key_temperley": {
        "strength": 0.822004139423,
        "key": "E",
        "scale": "major"
    },
    "tuning_diatonic_strength": 0.637635111809,
    "tuning_equal_tempered_deviation": 0.0934707000852,
    "tuning_frequency": 442.03793335,
    "tuning_nontempered_energy_ratio": 0.758796155453,
    "hpcp": {
        "mean": [0.204098284245, 0.0873360559344, 0.050606045872, 0.0600160770118, 0.0982821658254, 0.210517331958, 0.269220858812, 0.17693670094, 0.110655024648, 0.0985681042075, 0.0956727042794, 0.153100207448, 0.151163235307, 0.0797913596034, 0.0711805820465, 0.0745381861925, 0.0672861784697, 0.0852674394846, 0.0942908972502, 0.105343915522, 0.242731392384, 0.302591830492, 0.164460152388, 0.0878598466516, 0.0733653083444, 0.0743588134646, 0.148610159755, 0.163034275174, 0.0882308185101, 0.0624094009399, 0.065500639379, 0.0811128914356, 0.149404138327, 0.155969902873, 0.107344724238, 0.19335091114],
        "stdev": [0.320344716311, 0.173943862319, 0.140283659101, 0.148554623127, 0.204151928425, 0.283288985491, 0.345635801554, 0.261447489262, 0.235968247056, 0.221372291446, 0.206501379609, 0.24878564477, 0.244308546185, 0.159607753158, 0.154460817575, 0.159973084927, 0.152857750654, 0.187375381589, 0.200151160359, 0.198527574539, 0.289452433586, 0.347628653049, 0.212204322219, 0.19757835567, 0.176122099161, 0.172152817249, 0.256445258856, 0.273132234812, 0.174534082413, 0.155849739909, 0.169619187713, 0.183689519763, 0.239149659872, 0.246548846364, 0.183969572186, 0.303007245064]
    },
    "chords_histogram": [29.4729537964, 2.98196959496, 3.58298659325, 0, 0.161812290549, 3.25936198235, 0.0693481266499, 1.64123904705, 8.9690246582, 0.161812290549, 1.29449832439, 0.785945475101, 0.20804437995, 0.508552908897, 0.508552908897, 6.28756380081, 0.6010171175, 3.49052238464, 0.7397133708, 6.86546468735, 0.346740633249, 3.606102705, 18.0305137634, 6.42625999451],
    "thpcp": [1, 0.543504953384, 0.290357619524, 0.24245634675, 0.245739653707, 0.491124153137, 0.538792729378, 0.29158359766, 0.206249460578, 0.216465324163, 0.268060415983, 0.493748098612, 0.515446484089, 0.354750901461, 0.638982594013, 0.674500286579, 0.288626611233, 0.167241945863, 0.198340043426, 0.324801117182, 0.695713877678, 0.889716207981, 0.584737181664, 0.36569070816, 0.32574608922, 0.316177427769, 0.505962789059, 0.499561518431, 0.263693034649, 0.235236302018, 0.246332451701, 0.222366139293, 0.281790286303, 0.311610847712, 0.348138660192, 0.802174329758],
    "chords_key": "E",
    "chords_scale": "major"
}
}