{
"metadata": {
    "version": {
        "essentia": "2.1-beta6-dev",
        "essentia_git_sha": "v2.1_beta5-1177-g1d1cc983",
        "extractor": "music 2.0"
    },
    "audio_properties": {
        "analysis": {
            "equal_loudness": 0,
            "length": 300.83996582,
            "sample_rate": 44100,
            "start_time": 0,
            "downmix": "mix"
        },
        "bit_rate": 1536000,
        "length": 300.839996338,
        "lossless": 1,
        "number_channels": 2,
        "replay_gain": -9.45014953613,
        "sample_rate": 48000,
        "codec": "pcm_s16le",
        "md5_encoded": "3b4c026a583b16413c81e732cf042990"
    },
    "tags": {
        "file_name": "Kate Bush - Running Up That Hill (A Deal With God) [2018 Remaster].wav",
        "album": ["Hounds of Love (2018 Remaster)"],
        "artist": ["Kate Bush"],
        "audiosourcewebpage": [""],
        "composer": ["Fish People"],
        "copyright": ["2018 Noble & Brite Ltd"],
        "date": ["1985-09-16"],
        "genre": ["art pop", "baroque pop", "art rock"],
        "isrc": ["GBAYE1800884"],
        "title": ["Running Up That Hill (A Deal With God) - 2018 Remaster"],
        "tracknumber": ["1\/12"]
    }
},
"lowlevel": {
    "average_loudness": 0.731597304344,
    "barkbands_crest": {
        "mean": 10.3578243256,
        "stdev": 4.17113876343
    },
    "barkbands_flatness_db": {
        "mean": 0.175486087799,
        "stdev": 0.0566974766552
    },
    "barkbands_kurtosis": {
        "mean": 4.95531129837,
        "stdev": 6.65804862976
    },
    "barkbands_skewness": {
        "mean": 1.48669338226,
        "stdev": 1.09249222279
    },
    "barkbands_spread": {
        "mean": 15.5103969574,
        "stdev": 13.7758255005
    },
    "dissonance": {
        "mean": 0.447826564312,
        "stdev": 0.0372864380479
    },
    "dynamic_complexity": 4.62849998474,
    "erbbands_crest": {
        "mean": 10.1411046982,
        "stdev": 4.63313531876
    },
    "erbbands_flatness_db": {
        "mean": 0.184559345245,
        "stdev": 0.0583676695824
    },
    "erbbands_kurtosis": {
        "mean": 1.84851431847,
        "stdev": 3.52748370171
    },
    "erbbands_skewness": {
        "mean": 0.774702250957,
        "stdev": 0.837273359299
    },
    "erbbands_spread": {
        "mean": 28.8787460327,
        "stdev": 19.5009422302
    },
    "hfc": {
        "mean": 15.6554841995,
        "stdev": 15.9635715485
    },
    "loudness_ebu128": {
        "integrated": -13.7808818817,
        "loudness_range": 5.47542858124,
        "momentary": {
            "mean": -16.5247650146,
            "stdev": 8.92283916473
        },
        "short_term": {
            "mean": -15.8096151352,
            "stdev": 7.19113111496
        }
    },
    "melbands_crest": {
        "mean": 13.028470993,
        "stdev": 4.43627357483
    },
    "melbands_flatness_db": {
        "mean": 0.262317806482,
        "stdev": 0.0718656927347
    },
    "melbands_kurtosis": {
        "mean": 9.93836021423,
        "stdev": 12.694439888
    },
    "melbands_skewness": {
        "mean": 2.06487011909,
        "stdev": 1.32583618164
    },
    "melbands_spread": {
        "mean": 15.7769823074,
        "stdev": 12.9749851227
    },
    "pitch_salience": {
        "mean": 0.557093083858,
        "stdev": 0.102037735283
    },
    "silence_rate_20dB": {
        "mean": 1,
        "stdev": 0
    },
    "silence_rate_30dB": {
        "mean": 0.998147845268,
        "stdev": 0.0429977998137
    },
    "silence_rate_60dB": {
        "mean": 0.0743941962719,
        "stdev": 0.262392967939
    },
    "spectral_centroid": {
        "mean": 940.600402832,
        "stdev": 589.703918457
    },
    "spectral_complexity": {
        "mean": 14.8269023895,
        "stdev": 8.45631027222
    },
    "spectral_decrease": {
        "mean": -7.08016889561e-09,
        "stdev": 4.94734342382e-09
    },
    "spectral_energy": {
        "mean": 0.0281421542168,
        "stdev": 0.0195732209831
    },
    "spectral_energyband_high": {
        "mean": 0.000346026587067,
        "stdev": 0.00112305011135
    },
    "spectral_energyband_low": {
        "mean": 0.0102638481185,
        "stdev": 0.00955525878817
    },
    "spectral_energyband_middle_high": {
        "mean": 0.00436874432489,
        "stdev": 0.00626705633476
    },
    "spectral_energyband_middle_low": {
        "mean": 0.014990654774,
        "stdev": 0.0133541570976
    },
    "spectral_entropy": {
        "mean": 7.14394903183,
        "stdev": 0.50592648983
    },
    "spectral_flux": {
        "mean": 0.0838621333241,
        "stdev": 0.0449846088886
    },
    "spectral_kurtosis": {
        "mean": 11.7159633636,
        "stdev": 16.0185337067
    },
    "spectral_rms": {
        "mean": 0.00484745902941,
        "stdev": 0.00198945845477
    },
    "spectral_rolloff": {
        "mean": 1107.22399902,
        "stdev": 2033.78112793
    },
    "spectral_skewness": {
        "mean": 2.32486963272,
        "stdev": 1.2651283741
    },
    "spectral_spread": {
        "mean": 3774943.75,
        "stdev": 2074208.5
    },
    "spectral_strongpeak": {
        "mean": 0.822263240814,
        "stdev": 1.154758811
    },
    "zerocrossingrate": {
        "mean": 0.0435051135719,
        "stdev": 0.0503218956292
    },
    "barkbands": {
        "mean": [3.70278685295e-05, 0.00663703447208, 0.00204967404716, 0.00239045801573, 0.00270150415599, 0.00463790167123, 0.00194325740449, 0.00137682422064, 0.00134224782232, 0.0010720982682, 0.00108572852332, 0.000570988864638, 0.000354873482138, 0.000182380477781, 0.000346336746588, 0.00012834345398, 0.000151322819875, 0.000207223594771, 0.000428513390943, 0.000211524456972, 5.68098439544e-05, 3.94739836338e-05, 4.73032414448e-05, 7.1045353252e-05, 5.40857399756e-05, 1.54742610903e-05, 2.74452872873e-06],
        "stdev": [4.09361018683e-05, 0.00627605430782, 0.00332939857617, 0.00516091799363, 0.00329710822552, 0.0072441441007, 0.00307114515454, 0.00216814712621, 0.002634170698, 0.00247081345879, 0.00291549647227, 0.00157105177641, 0.00102442374919, 0.000494692474604, 0.0010367090581, 0.000301294348901, 0.000395754352212, 0.000435121910414, 0.000993804889731, 0.000534886145033, 0.000162759752129, 0.000118588890473, 0.000192493884242, 0.000400213932153, 0.000329229136696, 0.000104755046777, 7.71590384829e-06]
    },
    "erbbands": {
        "mean": [0.174548447132, 1.55654406548, 2.26301789284, 6.45419931412, 6.69283533096, 9.29865455627, 23.151052475, 39.4644241333, 31.7419490814, 30.9822406769, 29.7904930115, 28.5861911774, 37.2750434875, 43.0960464478, 25.8466510773, 25.1920223236, 17.1504611969, 12.2917222977, 12.3962173462, 14.8594512939, 8.51210403442, 7.76508760452, 10.7794542313, 20.1935997009, 19.2581920624, 8.65532970428, 3.22129821777, 1.84373569489, 1.38972091675, 1.44888424873, 1.32886207104, 1.26857054234, 1.29597270489, 0.673774898052, 0.341796398163, 0.11449944973, 0.018997810781, 0.0025771188084, 0.000501907605212, 6.54142640997e-05],
        "stdev": [0.141915634274, 1.58733689785, 3.57803106308, 12.4475603104, 11.7555494308, 12.5615339279, 37.6394462585, 71.067527771, 52.9207649231, 47.2799453735, 45.4129257202, 65.1381607056, 83.9380722046, 112.251144409, 63.5618209839, 68.9813537598, 43.7998847961, 29.1759681702, 33.8060646057, 42.9420776367, 19.2944774628, 17.6113834381, 23.4037895203, 47.6517868042, 44.7981300354, 19.3281574249, 8.69831371307, 5.0470123291, 4.15400266647, 4.74293756485, 5.61371231079, 6.67359972, 7.82458877563, 3.92031908035, 2.37214922905, 0.805751681328, 0.127282336354, 0.00813991669565, 0.00136607070453, 9.87072635326e-05]
    },
    "gfcc": {
        "mean": [-48.511177063, 129.825958252, -100.270393372, 14.0369634628, -54.8406486511, 4.65090465546, -29.0012226105, 13.5478744507, -20.8778152466, -0.196173101664, -1.97812318802, -1.99688959122, -6.09134721756],
        "cov": [[19284.4179688, -468.278778076, -709.117919922, 3781.52539062, -357.09979248, 500.813354492, -110.636123657, 941.164916992, -463.26550293, 464.500030518, 338.051116943, -33.9117164612, -119.828559875], [-468.278778076, 1424.17053223, -176.351470947, -321.599060059, 165.882354736, -103.500450134, 106.762992859, -70.6083908081, 93.9226074219, -57.190284729, 116.025390625, -35.4956283569, 49.7226829529], [-709.117919922, -176.351470947, 806.469177246, 78.4904708862, -96.5338973999, 108.283836365, -9.25994682312, -71.096572876, 56.8508872986, 10.0482406616, -63.8695411682, 46.0643920898, 3.59048509598], [3781.52539062, -321.599060059, 78.4904708862, 1210.57177734, -20.5671882629, 135.577270508, 35.7650604248, 217.110595703, -61.5576438904, 115.614234924, 65.0441513062, -12.537279129, -13.2382106781], [-357.09979248, 165.882354736, -96.5338973999, -20.5671882629, 227.701431274, -28.763343811, 82.2029495239, -23.1190357208, 30.5628948212, -14.1943616867, -7.66007995605, -25.465177536, 2.33536553383], [500.813354492, -103.500450134, 108.283836365, 135.577270508, -28.763343811, 204.429443359, 22.0617351532, 64.0964584351, -27.9823169708, 47.8203239441, 4.63393163681, -0.531816601753, 0.0719721466303], [-110.636123657, 106.762992859, -9.25994682312, 35.7650604248, 82.2029495239, 22.0617351532, 216.614303589, -31.7628917694, 14.8979892731, 8.19313716888, 10.0525159836, -18.5101833344, -8.44549655914], [941.164916992, -70.6083908081, -71.096572876, 217.110595703, -23.1190357208, 64.0964584351, -31.7628917694, 219.669265747, -28.3709030151, 34.5313453674, 62.035068512, -3.8502767086, 1.60973584652], [-463.26550293, 93.9226074219, 56.8508872986, -61.5576438904, 30.5628948212, -27.9823169708, 14.8979892731, -28.3709030151, 113.962539673, -3.08635091782, -14.4541292191, 2.7226858139, 10.2429542542], [464.500030518, -57.190284729, 10.0482406616, 115.614234924, -14.1943616867, 47.8203239441, 8.19313716888, 34.5313453674, -3.08635091782, 101.279678345, 19.5555458069, 0.221984446049, 7.66841268539], [338.051116943, 116.025390625, -63.8695411682, 65.0441513062, -7.66007995605, 4.63393163681, 10.0525159836, 62.035068512, -14.4541292191, 19.5555458069, 135.331375122, 11.399561882, 7.83051586151], [-33.9117164612, -35.4956283569, 46.0643920898, -12.537279129, -25.465177536, -0.531816601753, -18.5101833344, -3.8502767086, 2.7226858139, 0.221984446049, 11.399561882, 70.3471374512, 17.4968013763], [-119.828559875, 49.7226829529, 3.59048509598, -13.2382106781, 2.33536553383, 0.0719721466303, -8.44549655914, 1.60973584652, 10.2429542542, 7.66841268539, 7.83051586151, 17.4968013763, 64.6932601929]],
        "icov": [[0.000230290708714, -0.000201553164516, 0.000299651524983, -0.000715886591934, 0.000377462507458, -0.000168379730894, 0.000172839980223, -0.000114113048767, 0.000359337456757, -0.000292886630632, 0.000229263590882, -0.000305159803247, 0.000462916854303], [-0.000201553164516, 0.00123184989206, -0.000189214668353, 0.000833543715999, -0.000761671573855, 0.0002160006552, -0.000386892963434, 0.000375219504349, -0.00097052595811, 0.000722929893527, -0.00146024033893, 0.00101203762461, -0.00120062951464], [0.000299651524983, -0.000189214668353, 0.00216809473932, -0.0011769477278, 0.00119719700888, -0.00142572587356, 0.000273556943284, 0.000765118049458, -0.000799251371063, -1.14487302199e-05, 0.000733687833417, -0.00130782846827, 0.000707143743057], [-0.000715886591934, 0.000833543715999, -0.0011769477278, 0.00342651852407, -0.00138129410334, 0.000544011127204, -0.000877326994669, -0.000664620019961, -0.000734249362722, 7.07254221197e-05, -0.000968461739831, 0.00121523579583, -0.00135248212609], [0.000377462507458, -0.000761671573855, 0.00119719700888, -0.00138129410334, 0.00670805433765, -1.01037048807e-05, -0.00168603088241, -0.000124045618577, -0.000653616327327, 0.000116612129204, 0.00135817227419, 0.000482715753606, 0.000271026743576], [-0.000168379730894, 0.0002160006552, -0.00142572587356, 0.000544011127204, -1.01037048807e-05, 0.00738207902759, -0.00144253822509, -0.00216827122495, 0.00167271483224, -0.00223885430023, 0.000637839955743, 0.000618790509179, -0.000673685630318], [0.000172839980223, -0.000386892963434, 0.000273556943284, -0.000877326994669, -0.00168603088241, -0.00144253822509, 0.0062251361087, 0.00152847915888, -0.000172747808392, -0.00056697888067, -0.000810670142528, 0.000462712312583, 0.00132744235452], [-0.000114113048767, 0.000375219504349, 0.000765118049458, -0.000664620019961, -0.000124045618577, -0.00216827122495, 0.00152847915888, 0.00766337756068, -0.000667430518661, 0.000295478850603, -0.00307933823206, 0.000915135024115, -0.00046660922817], [0.000359337456757, -0.00097052595811, -0.000799251371063, -0.000734249362722, -0.000653616327327, 0.00167271483224, -0.000172747808392, -0.000667430518661, 0.0116969300434, -0.00187611929141, 0.00174619117752, -0.000890353287105, -0.000278737192275], [-0.000292886630632, 0.000722929893527, -1.14487302199e-05, 7.07254221197e-05, 0.000116612129204, -0.00223885430023, -0.00056697888067, 0.000295478850603, -0.00187611929141, 0.0130738364533, -0.00197681994177, 0.00110400724225, -0.00247808988206], [0.000229263590882, -0.00146024033893, 0.000733687833417, -0.000968461739831, 0.00135817227419, 0.000637839955743, -0.000810670142528, -0.00307933823206, 0.00174619117752, -0.00197681994177, 0.0111079430208, -0.00320228352211, 0.000708555802703], [-0.000305159803247, 0.00101203762461, -0.00130782846827, 0.00121523579583, 0.000482715753606, 0.000618790509179, 0.000462712312583, 0.000915135024115, -0.000890353287105, 0.00110400724225, -0.00320228352211, 0.0179078970104, -0.00544791622087], [0.000462916854303, -0.00120062951464, 0.000707143743057, -0.00135248212609, 0.000271026743576, -0.000673685630318, 0.00132744235452, -0.00046660922817, -0.000278737192275, -0.00247808988206, 0.000708555802703, -0.00544791622087, 0.0188232008368]]
    },
    "melbands": {
        "mean": [0.00180248741526, 0.00152670731768, 0.00107492390089, 0.000524560920894, 0.000745969242416, 0.000895334000234, 0.000471957493573, 0.000329496891936, 0.000250958139077, 0.000179176946403, 0.000178676200449, 0.000163477627211, 0.000107470645162, 6.55414478388e-05, 4.71055427624e-05, 3.85627245123e-05, 2.02894916583e-05, 1.60862182383e-05, 3.01539148495e-05, 1.04527807707e-05, 1.05185199573e-05, 8.42019926495e-06, 8.44610895001e-06, 9.52745540417e-06, 1.7448064682e-05, 1.50724326886e-05, 1.21966131701e-05, 4.17993987867e-06, 2.12173108594e-06, 1.35990421768e-06, 9.5955215329e-07, 7.61321587106e-07, 7.7430206602e-07, 8.13306371583e-07, 7.56503766297e-07, 7.58298369874e-07, 7.84406552157e-07, 9.4144115792e-07, 7.99881775038e-07, 4.89390401981e-07],
        "stdev": [0.00155205116607, 0.00183187972289, 0.00198729755357, 0.000674266368151, 0.00109795853496, 0.00149419694208, 0.000756790337618, 0.000508287048433, 0.000396970892325, 0.000431983353337, 0.000416527880589, 0.000435798574472, 0.000279818574199, 0.000189062862773, 0.000117661424156, 0.000123627658468, 5.36859479325e-05, 4.96145148645e-05, 9.75615548668e-05, 2.68202329607e-05, 2.77713697869e-05, 2.18657769437e-05, 2.03137424251e-05, 2.00388058147e-05, 4.45330661023e-05, 3.60197882401e-05, 3.33333882736e-05, 1.01439654827e-05, 6.31335024082e-06, 4.26264841735e-06, 2.78757261185e-06, 2.27767782235e-06, 2.5189592634e-06, 2.76648393083e-06, 3.07103414343e-06, 3.85611247111e-06, 4.41031716036e-06, 5.92981223235e-06, 4.95776566822e-06, 2.92159165838e-06]
    },
    "melbands128": {
        "mean": [3.25030814565e-05, 0.00100867822766, 0.00310807512142, 0.00232407543808, 0.00111914565787, 0.00110660493374, 0.00146003859118, 0.00099325994961, 0.000647424603812, 0.000416243594373, 0.000493774539791, 0.000629460439086, 0.000769634847529, 0.000972504552919, 0.000924738356844, 0.000893861229997, 0.000656469666865, 0.000297905440675, 0.000403599813581, 0.000333228497766, 0.000339790625731, 0.000165873207152, 0.000293506513117, 0.000271988799796, 0.000141259733937, 0.00016882608179, 0.00017108063912, 0.000256753322901, 9.35499701882e-05, 8.96494893823e-05, 0.000241287678364, 0.000217004460865, 6.386583118e-05, 7.30518149794e-05, 3.84388513339e-05, 8.19484776002e-05, 7.59434915381e-05, 5.09193450853e-05, 2.09466052183e-05, 3.63122380804e-05, 5.55304468435e-05, 2.00118520297e-05, 2.0320445401e-05, 2.09544086829e-05, 1.14580998343e-05, 1.33035964609e-05, 2.08105811907e-05, 4.2416373617e-05, 2.90732004942e-05, 1.23382496895e-05, 8.66257869347e-06, 7.33858087187e-06, 7.79152287578e-06, 1.37873230415e-05, 1.32237764774e-05, 6.72301894156e-06, 5.45162129129e-06, 6.5730141614e-06, 9.89062027656e-06, 1.1727391211e-05, 7.61575211072e-06, 8.56194492371e-06, 1.56641181093e-05, 2.14977117139e-05, 1.9268514734e-05, 1.35552163556e-05, 1.2794606846e-05, 1.57283902809e-05, 1.29608552015e-05, 6.0722127273e-06, 3.98166912419e-06, 3.28905207425e-06, 2.62033404397e-06, 1.79222683983e-06, 1.70218493167e-06, 1.52489212724e-06, 1.1141420373e-06, 1.05223455193e-06, 1.00623879007e-06, 7.74364650624e-07, 7.69032510561e-07, 7.42052350233e-07, 7.67560095483e-07, 7.37374591608e-07, 8.27891881272e-07, 8.36609615362e-07, 7.92659704985e-07, 8.04417595646e-07, 7.56807992275e-07, 7.04450030753e-07, 7.77696413934e-07, 7.89476587215e-07, 7.07752747076e-07, 7.29500641228e-07, 8.53829078551e-07, 9.56734652391e-07, 9.72084535533e-07, 9.15888563213e-07, 8.76222941315e-07, 7.16229521913e-07, 5.21607319115e-07, 4.48322310831e-07, 4.44312178161e-07, 4.42733551154e-07, 3.90181384091e-07, 3.61730371878e-07, 3.12554647053e-07, 2.47592538472e-07, 1.87483323089e-07, 1.35835051651e-07, 1.09360485112e-07, 7.40940251376e-08, 4.42409842094e-08, 2.75073066547e-08, 2.10927684208e-08, 2.02923189363e-08, 1.50310821567e-08, 1.53443799888e-08, 1.71694320983e-08, 1.56331676493e-08, 1.43377025807e-08, 1.27329142785e-08, 1.16827285623e-08, 1.03178523503e-08, 7.0540595587e-09, 6.86938228522e-10, 3.09541823597e-12, 3.02588574856e-12],
        "stdev": [3.71622336388e-05, 0.000850183714647, 0.00261981179938, 0.00284693320282, 0.00212716730312, 0.00175927043892, 0.00293196714483, 0.00226489990018, 0.00120861746836, 0.000632094102912, 0.000806174823083, 0.00104753870983, 0.00147460005246, 0.00199684640393, 0.00224900944158, 0.0019491314888, 0.00152496970259, 0.000590612995438, 0.000888734066393, 0.000622051011305, 0.000643287901767, 0.000368658016669, 0.000586008129176, 0.000534538063221, 0.000516508938745, 0.000686731014866, 0.000516271626111, 0.000716168491635, 0.000275368365692, 0.000376087351469, 0.000763522577472, 0.000740064075217, 0.000251658231718, 0.000302348635159, 0.000159523930051, 0.000325855828123, 0.000256023136899, 0.000168879676494, 7.21964242985e-05, 0.000144294346683, 0.000218308457988, 8.06089883554e-05, 6.92648463883e-05, 7.34647546778e-05, 4.53732136521e-05, 7.53014683141e-05, 8.92218013178e-05, 0.000166819168953, 0.000126221071696, 5.19908462593e-05, 2.73964924418e-05, 2.25481817324e-05, 2.99175881082e-05, 4.96756692883e-05, 5.1932183851e-05, 2.58694835793e-05, 1.62150081451e-05, 2.30266377912e-05, 2.96331618301e-05, 3.83777114621e-05, 2.26826432481e-05, 2.36009000218e-05, 4.86176249979e-05, 7.83056239015e-05, 7.11110187694e-05, 4.29952560808e-05, 4.21881304646e-05, 6.00512503297e-05, 4.43048447778e-05, 1.94857639144e-05, 1.19662990983e-05, 1.08252752398e-05, 9.55002087721e-06, 7.24408346287e-06, 6.97072118783e-06, 6.03767648499e-06, 3.69580607185e-06, 3.20571461998e-06, 3.20781464325e-06, 2.49756726589e-06, 2.38838856603e-06, 2.48888136412e-06, 2.59382295553e-06, 2.69804968411e-06, 2.77137087323e-06, 2.85234250441e-06, 2.94617029795e-06, 3.22093092109e-06, 3.19978221341e-06, 3.28571604769e-06, 4.30592990597e-06, 4.34484672951e-06, 3.55808424501e-06, 4.30089039583e-06, 5.33297952643e-06, 6.61879039399e-06, 6.52691778669e-06, 6.10191682426e-06, 5.82522261539e-06, 4.74394573757e-06, 3.15400779982e-06, 2.94174674309e-06, 2.94749156637e-06, 3.30233820023e-06, 3.14846465699e-06, 2.86098043034e-06, 2.68628127742e-06, 1.88782155419e-06, 1.4461191995e-06, 1.08462506887e-06, 8.96934807315e-07, 5.91161494867e-07, 2.86408095462e-07, 1.43317805623e-07, 7.77907729343e-08, 6.15023267869e-08, 4.45970087526e-08, 4.57185826974e-08, 5.09307831464e-08, 4.77176520519e-08, 4.23589128218e-08, 3.71708814839e-08, 3.41649872837e-08, 3.01294917904e-08, 2.13558273288e-08, 2.2051687143e-09, 5.38012126169e-12, 5.32144814325e-12]
    },
    "mfcc": {
        "mean": [-695.358215332, 162.984069824, 10.4076051712, 17.9725570679, -0.386904209852, -7.90678119659, 6.35630989075, 5.15708303452, -5.82241916656, 5.82886457443, 0.331397771835, -1.29697442055, 4.68040084839],
        "cov": [[16219.0527344, -853.710144043, -86.7096939087, 2064.59033203, 676.193237305, 20.4518222809, 638.319396973, 297.900787354, -226.12399292, 515.308776855, 210.962417603, -37.5354385376, 274.75982666], [-853.710144043, 1738.13269043, -204.534088135, -226.352279663, -9.14487361908, -3.96231412888, -19.3857841492, 3.09083771706, -4.81009197235, -20.6176567078, 14.3734445572, 23.2116260529, 36.6035957336], [-86.7096939087, -204.534088135, 726.774169922, 30.8850784302, 33.738697052, 84.2311553955, -45.9986343384, -4.66505336761, 40.1956825256, -57.5121459961, -4.62157535553, 77.5735626221, -35.6828575134], [2064.59033203, -226.352279663, 30.8850784302, 624.83972168, 135.37512207, 69.4053649902, 108.66847229, 63.0822563171, 13.6985530853, 70.503578186, 47.3947715759, 20.2584133148, 52.1670074463], [676.193237305, -9.14487361908, 33.738697052, 135.37512207, 207.791046143, -22.8155632019, 22.9981498718, 35.4609947205, 4.93502378464, 36.0453720093, 13.1209497452, 6.63362264633, 20.7694892883], [20.4518222809, -3.96231412888, 84.2311553955, 69.4053649902, -22.8155632019, 218.866363525, 21.5360450745, -14.6763505936, 65.7034378052, -14.1343221664, 3.24927020073, 18.2172927856, -14.8471918106], [638.319396973, -19.3857841492, -45.9986343384, 108.66847229, 22.9981498718, 21.5360450745, 195.998840332, 47.4673194885, -19.5536651611, 68.5583114624, 33.0445823669, -10.0202827454, 46.6569633484], [297.900787354, 3.09083771706, -4.66505336761, 63.0822563171, 35.4609947205, -14.6763505936, 47.4673194885, 108.862495422, -1.73445260525, 24.0961475372, 16.2187595367, 6.65068340302, 14.9307689667], [-226.12399292, -4.81009197235, 40.1956825256, 13.6985530853, 4.93502378464, 65.7034378052, -19.5536651611, -1.73445260525, 129.274276733, -7.81908226013, 1.53915035725, 11.2950286865, -12.883690834], [515.308776855, -20.6176567078, -57.5121459961, 70.503578186, 36.0453720093, -14.1343221664, 68.5583114624, 24.0961475372, -7.81908226013, 124.615524292, 26.8631515503, -9.13033676147, 29.4755172729], [210.962417603, 14.3734445572, -4.62157535553, 47.3947715759, 13.1209497452, 3.24927020073, 33.0445823669, 16.2187595367, 1.53915035725, 26.8631515503, 75.8756713867, 14.6090316772, 9.30154132843], [-37.5354385376, 23.2116260529, 77.5735626221, 20.2584133148, 6.63362264633, 18.2172927856, -10.0202827454, 6.65068340302, 11.2950286865, -9.13033676147, 14.6090316772, 74.8390274048, 10.5845775604], [274.75982666, 36.6035957336, -35.6828575134, 52.1670074463, 20.7694892883, -14.8471918106, 46.6569633484, 14.9307689667, -12.883690834, 29.4755172729, 9.30154132843, 10.5845775604, 73.0778121948]],
        "icov": [[0.000127049323055, 1.15783295769e-05, -8.69724226504e-06, -0.000349808193278, -0.000141008786159, 4.26824453825e-06, -9.29034431465e-05, -1.02428957689e-05, 0.000226855219807, -0.000201197224669, -2.23576626013e-05, 0.000113320020318, -2.80869953713e-05], [1.15783295769e-05, 0.000666683539748, 0.000233609796851, 0.000312024494633, -0.000218034983845, -0.00023067597067, 8.21389039629e-05, -0.00013156660134, 6.75784031046e-05, 0.000155852132593, -0.000238690248807, -0.000307149544824, -0.000472675572382], [-8.69724226504e-06, 0.000233609796851, 0.00180726905819, 0.000111911394924, -0.000510243233293, -0.00054188206559, 3.65786509064e-05, -3.52892275259e-05, -1.00990655483e-05, 0.000560409331229, 0.000192332401639, -0.00186976010446, 0.000755559187382], [-0.000349808193278, 0.000312024494633, 0.000111911394924, 0.00340384431183, -0.000963619153481, -0.00105763808824, -0.000150509280502, -0.000585239031352, -0.000475001783343, 0.000281489483314, -0.000665986794047, -0.000561273889616, -0.000972839770839], [-0.000141008786159, -0.000218034983845, -0.000510243233293, -0.000963619153481, 0.00643627531826, 0.00123245466966, 0.000524464994669, -0.00101275579073, -0.000915912736673, -0.000944720231928, 0.000211627731915, 0.00012218800839, -0.000453732296592], [4.26824453825e-06, -0.00023067597067, -0.00054188206559, -0.00105763808824, 0.00123245466966, 0.00671075610444, -0.00192298786715, 0.00147131690755, -0.00314913946204, 0.000673650647514, 0.000480512710055, -0.000998360919766, 0.00178671232425], [-9.29034431465e-05, 8.21389039629e-05, 3.65786509064e-05, -0.000150509280502, 0.000524464994669, -0.00192298786715, 0.00868505705148, -0.00259277224541, 0.00137115933467, -0.00255469046533, -0.0019575515762, 0.00216262717731, -0.00391349429265], [-1.02428957689e-05, -0.00013156660134, -3.52892275259e-05, -0.000585239031352, -0.00101275579073, 0.00147131690755, -0.00259277224541, 0.0113044893369, -0.000728117825929, -0.000136594462674, -0.000524038914591, -0.00128110928927, 0.000616415869445], [0.000226855219807, 6.75784031046e-05, -1.00990655483e-05, -0.000475001783343, -0.000915912736673, -0.00314913946204, 0.00137115933467, -0.000728117825929, 0.0100555242971, -0.000789698387962, -0.000431560591096, -0.000276420847513, 0.000527494587004], [-0.000201197224669, 0.000155852132593, 0.000560409331229, 0.000281489483314, -0.000944720231928, 0.000673650647514, -0.00255469046533, -0.000136594462674, -0.000789698387962, 0.0117792263627, -0.00246485555544, 0.00109237455763, -0.00191936420742], [-2.23576626013e-05, -0.000238690248807, 0.000192332401639, -0.000665986794047, 0.000211627731915, 0.000480512710055, -0.0019575515762, -0.000524038914591, -0.000431560591096, -0.00246485555544, 0.0160582028329, -0.00390504719689, 0.00160708196927], [0.000113320020318, -0.000307149544824, -0.00186976010446, -0.000561273889616, 0.00012218800839, -0.000998360919766, 0.00216262717731, -0.00128110928927, -0.000276420847513, 0.00109237455763, -0.00390504719689, 0.0178442578763, -0.00471793441102], [-2.80869953713e-05, -0.000472675572382, 0.000755559187382, -0.000972839770839, -0.000453732296592, 0.00178671232425, -0.00391349429265, 0.000616415869445, 0.000527494587004, -0.00191936420742, 0.00160708196927, -0.00471793441102, 0.0193003639579]]
    },
    "spectral_contrast_coeffs": {
        "mean": [-0.737594544888, -0.75288516283, -0.770845770836, -0.816936731339, -0.792454719543, -0.810313105583],
        "stdev": [0.0685672014952, 0.0647499933839, 0.0680828094482, 0.0530125647783, 0.0640740990639, 0.04220386222]
    },
    "spectral_contrast_valleys": {
        "mean": [-6.54448032379, -6.48232555389, -7.37679767609, -8.14603614807, -8.34650230408, -11.0389575958],
        "stdev": [1.61550009251, 1.22502744198, 1.07683110237, 1.23363637924, 1.64562034607, 1.54944252968]
    }
},
"rhythm": {
    "beats_count": 540,
    "beats_loudness": {
        "mean": 0.0378684550524,
        "stdev": 0.0195785425603
    },
    "bpm": 108.225708008,
    "bpm_histogram_first_peak_bpm": 108,
    "bpm_histogram_first_peak_weight": 0.297709882259,
    "bpm_histogram_second_peak_bpm": 98,
    "bpm_histogram_second_peak_spread": 0.25,
    "bpm_histogram_second_peak_weight": 0.0166975874454,
    "danceability": 1.03800570965,
    "onset_rate": 4.12815284729,
    "beats_loudness_band_ratio": {
        "mean": [0.480273604393, 0.23035132885, 0.177198573947, 0.0865932106972, 0.0292933490127, 0.0373754836619],
        "stdev": [0.221288889647, 0.151538074017, 0.145944416523, 0.0994310751557, 0.0393035560846, 0.0679987743497]
    },
    "beats_position": [0.557278871536, 1.13777780533, 1.70666658878, 2.27555561066, 2.8444442749, 3.41333317757, 3.97061228752, 4.52789115906, 5.08516979218, 5.64244890213, 6.21133756638, 6.78022670746, 7.33750534058, 7.8831744194, 8.42884349823, 8.98612213135, 9.54340076447, 10.1006803513, 10.6463489532, 11.1920175552, 11.749297142, 12.3065757751, 12.8638544083, 13.4211339951, 13.9784126282, 14.5356912613, 15.0813598633, 15.6270294189, 16.1843090057, 16.7415866852, 17.298866272, 17.8445339203, 18.4018135071, 18.9474830627, 19.5047607422, 20.062040329, 20.6193199158, 21.1765975952, 21.733877182, 22.2795467377, 22.8368244171, 23.3824939728, 23.9397735596, 24.497051239, 25.0543308258, 25.6116104126, 26.168888092, 26.7145576477, 27.2602272034, 27.8175048828, 28.3747844696, 28.932062149, 29.4893417358, 30.0350112915, 30.5922889709, 31.1495685577, 31.6952381134, 32.2525177002, 32.8097953796, 33.3670730591, 33.9243545532, 34.4816322327, 35.0389099121, 35.5845794678, 36.1302490234, 36.6875267029, 37.244808197, 37.8020858765, 38.3593635559, 38.91664505, 39.462310791, 40.0079803467, 40.5652618408, 41.1225395203, 41.6798171997, 42.2370948792, 42.7943763733, 43.340045929, 43.8857116699, 44.4429931641, 45.0002708435, 45.5575485229, 46.1148300171, 46.6721076965, 47.229385376, 47.7866668701, 48.3439445496, 48.8896141052, 49.4468917847, 49.9925613403, 50.5498390198, 51.0955085754, 51.6527900696, 52.1984558105, 52.7557373047, 53.3130149841, 53.8702926636, 54.4275741577, 54.9848518372, 55.5305213928, 56.0761909485, 56.6334686279, 57.1907463074, 57.7480278015, 58.305305481, 58.8625831604, 59.4198646545, 59.9655303955, 60.5111999512, 61.0684814453, 61.6257591248, 62.1830368042, 62.7403144836, 63.2859840393, 63.831653595, 64.3889312744, 64.9462127686, 65.5034942627, 66.0607681274, 66.6180496216, 67.1753311157, 67.720993042, 68.2666625977, 68.8239440918, 69.3812255859, 69.9384994507, 70.4957809448, 71.0414505005, 71.5987319946, 72.1444015503, 72.701675415, 73.2589569092, 73.8162307739, 74.3735122681, 74.9307937622, 75.4764633179, 76.0221328735, 76.5794067383, 77.1366882324, 77.6939697266, 78.2512435913, 78.796913147, 79.3425827026, 79.8998641968, 80.4571380615, 81.0144195557, 81.5717010498, 82.1289749146, 82.6862564087, 83.2319259644, 83.7892074585, 84.3348770142, 84.8921508789, 85.449432373, 86.0067138672, 86.5523757935, 87.0980453491, 87.6553268433, 88.2126083374, 88.7698822021, 89.3271636963, 89.8844451904, 90.4417190552, 90.9990005493, 91.544670105, 92.0903396606, 92.6476211548, 93.2048950195, 93.7621765137, 94.3194503784, 94.8767318726, 95.4224014282, 95.9680709839, 96.525352478, 97.0826263428, 97.6399078369, 98.1971893311, 98.7544631958, 99.3001327515, 99.8458023071, 100.403083801, 100.960357666, 101.51763916, 102.074920654, 102.62059021, 103.166259766, 103.72353363, 104.280815125, 104.838096619, 105.395370483, 105.952651978, 106.498321533, 107.043991089, 107.601264954, 108.158546448, 108.715827942, 109.273101807, 109.830383301, 110.387664795, 110.933334351, 111.479003906, 112.036277771, 112.593559265, 113.15083313, 113.708114624, 114.265396118, 114.811065674, 115.356735229, 115.914009094, 116.471290588, 117.028572083, 117.585845947, 118.143127441, 118.688796997, 119.246078491, 119.791740417, 120.349021912, 120.906303406, 121.463577271, 122.020858765, 122.578140259, 123.123809814, 123.681083679, 124.238365173, 124.784034729, 125.341316223, 125.898590088, 126.455871582, 127.013153076, 127.570426941, 128.127700806, 128.673370361, 129.219039917, 129.776321411, 130.333602905, 130.890884399, 131.448165894, 131.993835449, 132.539505005, 133.09677124, 133.654052734, 134.211334229, 134.768615723, 135.325897217, 135.883178711, 136.428848267, 136.974502563, 137.531784058, 138.089065552, 138.646347046, 139.20362854, 139.749298096, 140.294967651, 140.852249146, 141.409515381, 141.966796875, 142.524078369, 143.069747925, 143.627029419, 144.172698975, 144.729980469, 145.287246704, 145.844528198, 146.401809692, 146.959091187, 147.516372681, 148.062042236, 148.607711792, 149.164993286, 149.722259521, 150.279541016, 150.825210571, 151.382492065, 151.928161621, 152.485443115, 153.042724609, 153.599990845, 154.157272339, 154.714553833, 155.260223389, 155.805892944, 156.363174438, 156.920455933, 157.477722168, 158.035003662, 158.592285156, 159.14956665, 159.695236206, 160.2525177, 160.798187256, 161.35546875, 161.912734985, 162.470016479, 163.027297974, 163.572967529, 164.118637085, 164.675918579, 165.233200073, 165.790466309, 166.347747803, 166.893417358, 167.450698853, 168.007980347, 168.553649902, 169.110931396, 169.668212891, 170.225479126, 170.78276062, 171.328430176, 171.874099731, 172.431381226, 172.98866272, 173.545944214, 174.09161377, 174.637283325, 175.194549561, 175.751831055, 176.309112549, 176.866394043, 177.423675537, 177.980941772, 178.538223267, 179.083892822, 179.629562378, 180.186843872, 180.744125366, 181.30140686, 181.858688354, 182.41595459, 182.961624146, 183.507293701, 184.064575195, 184.621856689, 185.167526245, 185.713195801, 186.282089233, 186.839355469, 187.396636963, 187.942306519, 188.499588013, 189.056869507, 189.614151001, 190.171432495, 190.717086792, 191.262756348, 191.820037842, 192.377319336, 192.93460083, 193.480270386, 194.025939941, 194.583221436, 195.140487671, 195.697769165, 196.255050659, 196.812332153, 197.358001709, 197.903671265, 198.460952759, 199.018234253, 199.575500488, 200.132781982, 200.690063477, 201.235733032, 201.781402588, 202.338684082, 202.895965576, 203.453231812, 204.010513306, 204.5677948, 205.113464355, 205.67074585, 206.216415405, 206.773696899, 207.330978394, 207.87663269, 208.433914185, 208.991195679, 209.536865234, 210.094146729, 210.651428223, 211.208709717, 211.765975952, 212.311645508, 212.868927002, 213.414596558, 213.971878052, 214.529159546, 215.08644104, 215.643707275, 216.189376831, 216.746658325, 217.292327881, 217.849609375, 218.406890869, 218.964172363, 219.521453857, 220.067123413, 220.61277771, 221.170059204, 221.727340698, 222.284622192, 222.830291748, 223.387573242, 223.944854736, 224.502120972, 225.059402466, 225.605072021, 226.162353516, 226.71963501, 227.276916504, 227.82258606, 228.368255615, 228.925521851, 229.482803345, 230.040084839, 230.597366333, 231.154647827, 231.711929321, 232.257598877, 232.803268433, 233.360534668, 233.917816162, 234.475097656, 235.03237915, 235.589660645, 236.1353302, 236.692596436, 237.238265991, 237.795547485, 238.341217041, 238.886886597, 239.444168091, 240.001449585, 240.558731079, 241.115997314, 241.673278809, 242.218948364, 242.76461792, 243.321899414, 243.879180908, 244.436462402, 244.993743896, 245.551010132, 246.108291626, 246.653961182, 247.199630737, 247.756912231, 248.314193726, 248.87147522, 249.428741455, 249.974411011, 250.520080566, 251.077362061, 251.634643555, 252.191925049, 252.749206543, 253.306488037, 253.852142334, 254.39781189, 254.955093384, 255.512374878, 256.069641113, 256.626922607, 257.184204102, 257.741485596, 258.28717041, 258.832824707, 259.390106201, 259.947387695, 260.504669189, 261.061950684, 261.60760498, 262.153289795, 262.710571289, 263.267852783, 263.81350708, 264.370788574, 264.916442871, 265.473724365, 266.031005859, 266.588287354, 267.145568848, 267.691253662, 268.236907959, 268.794189453, 269.351470947, 269.908752441, 270.466033936, 271.02331543, 271.580596924, 272.126251221, 272.671936035, 273.229187012, 273.786468506, 274.34375, 274.901031494, 275.446716309, 275.992370605, 276.5496521, 277.106933594, 277.664215088, 278.221496582, 278.778778076, 279.324432373, 279.870117188, 280.427398682, 280.984680176, 281.541931152, 282.099212646, 282.656494141, 283.202178955, 283.747833252, 284.305114746, 284.86239624, 285.419677734, 285.976959229, 286.534240723, 287.091522217, 287.660400391, 288.229278564, 288.84463501, 289.459960938, 290.075286865, 290.690612793, 291.294311523, 291.898040771, 292.50177002, 293.117095947, 293.732421875, 294.359344482, 294.986297607, 295.613250732, 296.193725586, 296.774230957, 297.343109131, 297.900390625, 298.457672119, 299.014953613, 299.572235107, 300.141113281],
    "bpm_histogram": [0, 0, 0, 0, 0, 0, 0, 0, 0, 0, 0, 0, 0, 0, 0, 0, 0, 0, 0, 0, 0, 0, 0, 0, 0, 0, 0, 0, 0, 0, 0, 0, 0, 0, 0, 0, 0, 0, 0, 0, 0, 0, 0, 0, 0, 0, 0, 0, 0, 0, 0, 0, 0, 0, 0, 0, 0, 0, 0, 0, 0, 0, 0, 0, 0, 0, 0, 0, 0, 0, 0, 0, 0, 0, 0, 0, 0, 0, 0, 0, 0, 0, 0, 0, 0, 0, 0, 0, 0, 0, 0, 0, 0, 0, 0, 0, 0.00556586263701, 0, 0.011131725274, 0.00556586263701, 0, 0, 0, 0.00556586263701, 0, 0.0204081628472, 0, 0, 0.682745814323, 0, 0.269016683102, 0, 0, 0, 0, 0, 0, 0, 0, 0, 0, 0, 0, 0, 0, 0, 0, 0, 0, 0, 0, 0, 0, 0, 0, 0, 0, 0, 0, 0, 0, 0, 0, 0, 0, 0, 0, 0, 0, 0, 0, 0, 0, 0, 0, 0, 0, 0, 0, 0, 0, 0, 0, 0, 0, 0, 0, 0, 0, 0, 0, 0, 0, 0, 0, 0, 0, 0, 0, 0, 0, 0, 0, 0, 0, 0, 0, 0, 0, 0, 0, 0, 0, 0, 0, 0, 0, 0, 0, 0, 0, 0, 0, 0, 0, 0, 0, 0, 0, 0, 0, 0, 0, 0, 0, 0, 0, 0, 0, 0, 0, 0, 0, 0, 0, 0, 0, 0, 0, 0, 0, 0, 0, 0, 0, 0, 0, 0, 0, 0, 0, 0, 0, 0, 0, 0, 0, 0, 0, 0]
},
"tonal": {
    "chords_changes_rate": 0.045216049999,
    "chords_number_rate": 0.001234567957,
    "chords_strength": {
        "mean": 0.555921196938,
        "stdev": 0.092689268291
    },
    "hpcp_crest": {
        "mean": 14.3691101074,
        "stdev": 6.88754701614
    },
    "hpcp_entropy": {
        "mean": 1.89563393593,
        "stdev": 0.710318088531
    },
    "key_edma": {
        "strength": 0.606561422348,
        "key": "C",
        "scale": "minor"
    },
    "key_krumhansl": {
        "strength": 0.61752641201,
        "key": "C",
        "scale": "minor"
    },
    "key_temperley": {
        "strength": 0.608393669128,
        "key": "C",
        "scale": "minor"
    },
    "tuning_diatonic_strength": 0.502713084221,
    "tuning_equal_tempered_deviation": 0.0164950396866,
    "tuning_frequency": 441.782684326,
    "tuning_nontempered_energy_ratio": 0.70459985733,
    "hpcp": {
        "mean": [0.0553111508489, 0.0856929421425, 0.159136787057, 0.229902759194, 0.171789214015, 0.0846503376961, 0.0976951047778, 0.210933297873, 0.40523982048, 0.437487691641, 0.253079086542, 0.127754509449, 0.113984629512, 0.115396790206, 0.135694429278, 0.155694052577, 0.137179166079, 0.188642501831, 0.254253029823, 0.149572759867, 0.0447072535753, 0.0431878678501, 0.0561846829951, 0.0984571799636, 0.135936722159, 0.105074226856, 0.0686050280929, 0.0678557008505, 0.0820539370179, 0.158793076873, 0.205439075828, 0.128403440118, 0.0663447752595, 0.0607788600028, 0.051224693656, 0.0455789156258],
        "stdev": [0.117753989995, 0.184914216399, 0.234041810036, 0.292063444853, 0.246612951159, 0.183513537049, 0.204734280705, 0.297389864922, 0.366108357906, 0.352809637785, 0.28420394659, 0.238210216165, 0.222263336182, 0.216171905398, 0.226927056909, 0.242823973298, 0.228950291872, 0.237118825316, 0.308956712484, 0.20802500844, 0.124163135886, 0.113745570183, 0.125386357307, 0.186430439353, 0.233673989773, 0.193840444088, 0.15117995441, 0.149611696601, 0.160833373666, 0.233983054757, 0.275753647089, 0.190047591925, 0.129951924086, 0.12459218502, 0.107194244862, 0.101378142834]
    },
    "chords_histogram": [73.055557251, 2.68518519402, 2.43827152252, 3.13271594048, 0, 4.12037038803, 0.185185179114, 0.0154320988804, 0.709876537323, 0.617283940315, 3.85802459717, 0, 0.509259283543, 0.123456791043, 0, 0, 0, 0.0308641977608, 0.0771604925394, 0.185185179114, 0.771604955196, 0, 2.17592597008, 5.30864191055],
    "thpcp": [1, 0.578482747078, 0.292018532753, 0.260543614626, 0.263771504164, 0.310167431831, 0.355882138014, 0.313561201096, 0.431194990873, 0.581166148186, 0.341890215874, 0.102190881968, 0.098717905581, 0.128425747156, 0.225051313639, 0.310721248388, 0.240176424384, 0.156815901399, 0.155103102326, 0.187557131052, 0.36296582222, 0.469588249922, 0.293501824141, 0.151649460196, 0.138927012682, 0.117088310421, 0.10418330878, 0.126429051161, 0.195875093341, 0.363751471043, 0.525506794453, 0.392672121525, 0.19349193573, 0.223309382796, 0.482146829367, 0.926288485527],
    "chords_key": "C",
    "chords_scale": "minor"
}
}