{
"metadata": {
    "version": {
        "essentia": "2.1-beta6-dev",
        "essentia_git_sha": "v2.1_beta5-1177-g1d1cc983",
        "extractor": "music 2.0"
    },
    "audio_properties": {
        "analysis": {
            "equal_loudness": 0,
            "length": 271.159973145,
            "sample_rate": 44100,
            "start_time": 0,
            "downmix": "mix"
        },
        "bit_rate": 1536000,
        "length": 271.160003662,
        "lossless": 1,
        "number_channels": 2,
        "replay_gain": -12.3784542084,
        "sample_rate": 48000,
        "codec": "pcm_s16le",
        "md5_encoded": "8d4bc4f11678f8aeefa82e6a97eea4aa"
    },
    "tags": {
        "file_name": "Nelly - Grillz (feat. Paul Wall, Ali & Gipp).wav",
        "album": ["Still Hot In Herre"],
        "artist": ["Nelly", "Paul Wall", "Ali & Gipp"],
        "audiosourcewebpage": [""],
        "composer": ["Universal Records"],
        "copyright": ["© 2022 UMG Recordings, Inc."],
        "date": ["2022-10-14"],
        "isrc": ["USUM70505024"],
        "title": ["Grillz"],
        "tracknumber": ["7\/17"]
    }
},
"lowlevel": {
    "average_loudness": 0.960333585739,
    "barkbands_crest": {
        "mean": 15.8786010742,
        "stdev": 6.12791109085
    },
    "barkbands_flatness_db": {
        "mean": 0.205033808947,
        "stdev": 0.107180930674
    },
    "barkbands_kurtosis": {
        "mean": 37.6777076721,
        "stdev": 86.255241394
    },
    "barkbands_skewness": {
        "mean": 3.69492340088,
        "stdev": 3.5748796463
    },
    "barkbands_spread": {
        "mean": 21.3849639893,
        "stdev": 22.5897083282
    },
    "dissonance": {
        "mean": 0.456728935242,
        "stdev": 0.0382809713483
    },
    "dynamic_complexity": 3.1086127758,
    "erbbands_crest": {
        "mean": 9.82098293304,
        "stdev": 5.05664491653
    },
    "erbbands_flatness_db": {
        "mean": 0.136205807328,
        "stdev": 0.0559720695019
    },
    "erbbands_kurtosis": {
        "mean": 1.60951292515,
        "stdev": 6.16341543198
    },
    "erbbands_skewness": {
        "mean": 0.433208912611,
        "stdev": 1.20435571671
    },
    "erbbands_spread": {
        "mean": 55.1974449158,
        "stdev": 35.2230567932
    },
    "hfc": {
        "mean": 35.165222168,
        "stdev": 46.5001945496
    },
    "loudness_ebu128": {
        "integrated": -9.0289850235,
        "loudness_range": 2.51851558685,
        "momentary": {
            "mean": -10.1290235519,
            "stdev": 9.20919799805
        },
        "short_term": {
            "mean": -9.22387504578,
            "stdev": 1.31891524792
        }
    },
    "melbands_crest": {
        "mean": 24.8574333191,
        "stdev": 9.85461521149
    },
    "melbands_flatness_db": {
        "mean": 0.293195903301,
        "stdev": 0.134338259697
    },
    "melbands_kurtosis": {
        "mean": 110.636802673,
        "stdev": 239.877151489
    },
    "melbands_skewness": {
        "mean": 6.27808904648,
        "stdev": 5.77536487579
    },
    "melbands_spread": {
        "mean": 18.9803466797,
        "stdev": 30.2776832581
    },
    "pitch_salience": {
        "mean": 0.379929095507,
        "stdev": 0.210640236735
    },
    "silence_rate_20dB": {
        "mean": 1,
        "stdev": 0
    },
    "silence_rate_30dB": {
        "mean": 0.569654941559,
        "stdev": 0.49512720108
    },
    "silence_rate_60dB": {
        "mean": 0.076547652483,
        "stdev": 0.265872687101
    },
    "spectral_centroid": {
        "mean": 1428.64111328,
        "stdev": 1158.86096191
    },
    "spectral_complexity": {
        "mean": 14.0592517853,
        "stdev": 11.7812547684
    },
    "spectral_decrease": {
        "mean": -2.21764775432e-08,
        "stdev": 1.94582927548e-08
    },
    "spectral_energy": {
        "mean": 0.0868886187673,
        "stdev": 0.0740020275116
    },
    "spectral_energyband_high": {
        "mean": 0.00228578946553,
        "stdev": 0.00432358309627
    },
    "spectral_energyband_low": {
        "mean": 0.0718125104904,
        "stdev": 0.0725965425372
    },
    "spectral_energyband_middle_high": {
        "mean": 0.00402190349996,
        "stdev": 0.00634297169745
    },
    "spectral_energyband_middle_low": {
        "mean": 0.00930924993008,
        "stdev": 0.0108718303964
    },
    "spectral_entropy": {
        "mean": 7.62307834625,
        "stdev": 0.661324203014
    },
    "spectral_flux": {
        "mean": 0.0997863784432,
        "stdev": 0.0778385698795
    },
    "spectral_kurtosis": {
        "mean": 4.24756288528,
        "stdev": 4.09593820572
    },
    "spectral_rms": {
        "mean": 0.00803426560014,
        "stdev": 0.00449669128284
    },
    "spectral_rolloff": {
        "mean": 1837.37524414,
        "stdev": 3387.08862305
    },
    "spectral_skewness": {
        "mean": 1.60591554642,
        "stdev": 0.655563771725
    },
    "spectral_spread": {
        "mean": 6741793.5,
        "stdev": 3575432.25
    },
    "spectral_strongpeak": {
        "mean": 0.91540068388,
        "stdev": 1.05614173412
    },
    "zerocrossingrate": {
        "mean": 0.0702724084258,
        "stdev": 0.0863104760647
    },
    "barkbands": {
        "mean": [0.00706392806023, 0.057260915637, 0.00709197530523, 0.00116747571155, 0.00317221251316, 0.00155459460802, 0.00101668946445, 0.000905632274225, 0.00117355177645, 0.00074973521987, 0.000526842602994, 0.00059628370218, 0.00051694578724, 0.000295563047985, 0.000317000958603, 0.000326515204506, 0.000271076423815, 0.000216578016989, 0.000266987131909, 0.000213375606108, 0.000315074197715, 0.000201500399271, 0.000269967509666, 0.000346056709532, 0.00043320262921, 0.000564286194276, 5.46623741684e-05],
        "stdev": [0.0079209106043, 0.0619054362178, 0.0226771086454, 0.00419169478118, 0.00516414875165, 0.00292360899039, 0.00234447582625, 0.00224137236364, 0.00318599492311, 0.00236613256857, 0.00142471678555, 0.00170422054362, 0.0013550183503, 0.000691625813488, 0.00076601881301, 0.000722509634215, 0.000516680185683, 0.000487745594, 0.000541735673323, 0.000475152191939, 0.00075682066381, 0.000494018255267, 0.000738035829272, 0.00107879238203, 0.000929125701077, 0.00104952650145, 0.0001260714198]
    },
    "erbbands": {
        "mean": [3.16349649429, 6.79307365417, 8.58317565918, 4.94026470184, 7.80660915375, 10.7039384842, 10.8940515518, 13.43775177, 15.2566051483, 16.1376037598, 19.8355426788, 27.012878418, 28.2300281525, 20.4357700348, 22.4753704071, 24.3233985901, 24.7905673981, 16.1676559448, 15.6535863876, 18.5123348236, 17.3381557465, 14.7394666672, 11.0815057755, 13.0040092468, 13.6967515945, 9.65884685516, 8.96083831787, 13.6135950089, 8.48397922516, 6.66391801834, 7.51513814926, 7.11344766617, 5.86023807526, 5.00982284546, 3.11566209793, 3.01205444336, 0.995184242725, 0.100012212992, 0.0110733592883, 0.000643961073365],
        "stdev": [3.54293966293, 7.78151845932, 25.514497757, 14.6440181732, 15.2771959305, 20.4324512482, 21.7181224823, 27.3258171082, 35.8522415161, 39.3575286865, 45.2503242493, 74.1665344238, 87.3111190796, 50.2573432922, 55.6015129089, 64.1192474365, 63.3472213745, 37.0795097351, 34.9133720398, 44.6639938354, 34.4471321106, 27.2821750641, 22.829000473, 27.1224861145, 29.7794685364, 20.5540103912, 21.1386394501, 33.5514068604, 19.901260376, 16.5178871155, 23.0756931305, 18.583656311, 21.7187080383, 12.6900444031, 5.65192699432, 5.43866586685, 1.96308743954, 0.199812829494, 0.0245290771127, 0.00132919719908]
    },
    "gfcc": {
        "mean": [-13.7704410553, 60.2763137817, -71.6595687866, 28.8277435303, -41.8797721863, 18.9586925507, -29.9660511017, 16.5221252441, -19.386100769, 12.7863140106, -12.7004489899, 8.34893131256, -4.35417604446],
        "cov": [[15597.8925781, -287.879608154, -581.343444824, 21.5318031311, -406.251159668, 380.673583984, 156.577514648, 649.268371582, -33.0590705872, -34.3101005554, 165.905029297, 236.085586548, -175.429199219], [-287.879608154, 3099.68286133, -169.302368164, 47.7417030334, 313.854248047, -276.455047607, 233.569168091, -18.3393630981, 150.615966797, -131.205169678, 269.23046875, -111.143890381, 173.98928833], [-581.343444824, -169.302368164, 1824.02087402, 440.488342285, 245.716430664, 305.084716797, 54.290435791, 43.4887199402, 94.013710022, 137.078430176, 12.1725482941, 154.958557129, 41.3934745789], [21.5318031311, 47.7417030334, 440.488342285, 753.397949219, 228.466583252, 67.6288909912, 63.5974655151, 31.8959026337, 142.932037354, 73.1583786011, 97.6937637329, 8.47068691254, 136.045120239], [-406.251159668, 313.854248047, 245.716430664, 228.466583252, 551.698730469, 185.717208862, 163.276092529, 44.438205719, 130.13583374, 129.475204468, 67.6467056274, 49.1959991455, 92.8780593872], [380.673583984, -276.455047607, 305.084716797, 67.6288909912, 185.717208862, 413.649597168, 203.492599487, 91.8015213013, 47.0915184021, 102.664276123, 50.936340332, 40.0784873962, 32.4510154724], [156.577514648, 233.569168091, 54.290435791, 63.5974655151, 163.276092529, 203.492599487, 447.087097168, 139.720336914, 69.1610031128, 63.6036338806, 83.8560791016, 22.7294082642, 67.8035583496], [649.268371582, -18.3393630981, 43.4887199402, 31.8959026337, 44.438205719, 91.8015213013, 139.720336914, 243.098297119, 88.0758895874, 25.8141803741, 67.6789703369, 27.1179485321, 21.7822551727], [-33.0590705872, 150.615966797, 94.013710022, 142.932037354, 130.13583374, 47.0915184021, 69.1610031128, 88.0758895874, 277.964111328, 66.5685501099, 98.6044464111, 40.8750038147, 67.4811325073], [-34.3101005554, -131.205169678, 137.078430176, 73.1583786011, 129.475204468, 102.664276123, 63.6036338806, 25.8141803741, 66.5685501099, 262.088165283, 0.715816736221, 38.4991493225, 25.2821083069], [165.905029297, 269.23046875, 12.1725482941, 97.6937637329, 67.6467056274, 50.936340332, 83.8560791016, 67.6789703369, 98.6044464111, 0.715816736221, 246.967208862, 18.2285366058, 74.1160812378], [236.085586548, -111.143890381, 154.958557129, 8.47068691254, 49.1959991455, 40.0784873962, 22.7294082642, 27.1179485321, 40.8750038147, 38.4991493225, 18.2285366058, 178.702560425, 17.1353816986], [-175.429199219, 173.98928833, 41.3934745789, 136.045120239, 92.8780593872, 32.4510154724, 67.8035583496, 21.7822551727, 67.4811325073, 25.2821083069, 74.1160812378, 17.1353816986, 163.308364868]],
        "icov": [[9.09769223654e-05, -5.15370520588e-05, 8.27661788207e-05, -0.000113039270218, 0.000142198143294, -0.000214424100704, 0.000106083090941, -0.000278298713965, 9.28843146539e-05, -1.79129583557e-05, 1.13092437459e-05, -0.000215091291466, 0.00016246647283], [-5.15370520588e-05, 0.000603386375587, -0.000162475960678, 0.000319509475958, -0.000574563047849, 0.000946887535974, -0.000547015108168, 0.000391708861571, -0.000190439226571, 0.000297718448564, -0.000553382444195, 0.000598192797042, -0.000388734799344], [8.27661788207e-05, -0.000162475960678, 0.000905498920474, -0.000639803067315, 0.000204880750971, -0.000946435262449, 0.000399458862375, -0.000274573190836, 0.000119095697301, -0.000107424952148, 0.000297147867968, -0.000894582306501, 0.00043423223542], [-0.000113039270218, 0.000319509475958, -0.000639803067315, 0.00230022380129, -0.000858945539221, 0.000973808171693, -0.000296344980597, 0.000475425214972, -0.000614828662947, 4.42930213467e-05, -0.000536056875717, 0.00110576092266, -0.00148679642007], [0.000142198143294, -0.000574563047849, 0.000204880750971, -0.000858945539221, 0.00341948005371, -0.00177686195821, 9.6694639069e-05, -0.00015550556418, -0.000403708196245, -0.00089033099357, 0.000542791502085, -0.000982905155979, -2.11227325053e-05], [-0.000214424100704, 0.000946887535974, -0.000946435262449, 0.000973808171693, -0.00177686195821, 0.00574666820467, -0.00223770248704, 0.000391630863305, 3.43511856045e-05, -0.000338848360116, -0.00119616114534, 0.00131906301249, -0.000622315972578], [0.000106083090941, -0.000547015108168, 0.000399458862375, -0.000296344980597, 9.6694639069e-05, -0.00223770248704, 0.00411050394177, -0.00197213422507, 0.000459846516605, -0.000358916848199, 0.000171159932506, -0.000571449403651, -0.000363721192116], [-0.000278298713965, 0.000391708861571, -0.000274573190836, 0.000475425214972, -0.00015550556418, 0.000391630863305, -0.00197213422507, 0.00672766426578, -0.00184223859105, 0.000315489451168, -0.00091710902052, 0.00046162304352, -3.04809782392e-05], [9.28843146539e-05, -0.000190439226571, 0.000119095697301, -0.000614828662947, -0.000403708196245, 3.43511856045e-05, 0.000459846516605, -0.00184223859105, 0.00551934493706, -0.000942811660934, -0.00116547814105, -0.000888045411557, -0.000450339837698], [-1.79129583557e-05, 0.000297718448564, -0.000107424952148, 4.42930213467e-05, -0.00089033099357, -0.000338848360116, -0.000358916848199, 0.000315489451168, -0.000942811660934, 0.00493217166513, 0.000473683612654, -0.000254646671237, -0.00022771206568], [1.13092437459e-05, -0.000553382444195, 0.000297147867968, -0.000536056875717, 0.000542791502085, -0.00119616114534, 0.000171159932506, -0.00091710902052, -0.00116547814105, 0.000473683612654, 0.00604032864794, -0.000681283592712, -0.00130838481709], [-0.000215091291466, 0.000598192797042, -0.000894582306501, 0.00110576092266, -0.000982905155979, 0.00131906301249, -0.000571449403651, 0.00046162304352, -0.000888045411557, -0.000254646671237, -0.000681283592712, 0.00739054987207, -0.00115009990986], [0.00016246647283, -0.000388734799344, 0.00043423223542, -0.00148679642007, -2.11227325053e-05, -0.000622315972578, -0.000363721192116, -3.04809782392e-05, -0.000450339837698, -0.00022771206568, -0.00130838481709, -0.00115009990986, 0.0090671563521]]
    },
    "melbands": {
        "mean": [0.0205869954079, 0.00520666688681, 0.000983960111625, 0.000706103572156, 0.000399382668547, 0.000302184402244, 0.000225369018153, 0.000182599949767, 0.000160844952916, 0.000174561166205, 0.000138087620144, 8.07709002402e-05, 7.584154082e-05, 6.54672767268e-05, 6.38940473436e-05, 4.61772542621e-05, 2.78500010609e-05, 2.46396102739e-05, 2.48635496973e-05, 2.3118502213e-05, 2.02932315005e-05, 1.62270152941e-05, 1.12534999062e-05, 9.83469362836e-06, 1.04265691334e-05, 1.08683107101e-05, 8.72068630997e-06, 5.79575407755e-06, 5.43013038623e-06, 6.25402890364e-06, 8.73119006428e-06, 4.67076870336e-06, 3.76364232579e-06, 3.90290915675e-06, 4.42972714154e-06, 4.35222727901e-06, 4.35242282038e-06, 4.04373895435e-06, 4.10524262406e-06, 4.27692748417e-06],
        "stdev": [0.022690044716, 0.00979181099683, 0.00251693534665, 0.00116368092131, 0.000789602985606, 0.000587949703913, 0.000510201090947, 0.00045024161227, 0.000369693094399, 0.000498937559314, 0.000439926952822, 0.000211053382372, 0.000202049777727, 0.00019607853028, 0.000181103328941, 0.000117781695735, 6.79424920236e-05, 5.78024664719e-05, 6.34133175481e-05, 5.60357439099e-05, 4.08245068684e-05, 3.10145733238e-05, 2.42085079663e-05, 2.2047688617e-05, 2.22940852836e-05, 2.36778541876e-05, 2.12489740079e-05, 1.23972795336e-05, 1.32121549541e-05, 2.03081817745e-05, 2.17688975681e-05, 1.10117653094e-05, 1.0168638255e-05, 9.7360853033e-06, 1.49176166815e-05, 1.13500673251e-05, 1.18062116599e-05, 1.7514661522e-05, 1.27223684103e-05, 1.02700560092e-05]
    },
    "melbands128": {
        "mean": [0.00693297572434, 0.0317597799003, 0.0220998823643, 0.00757307000458, 0.0047385157086, 0.00283143110573, 0.000864702684339, 0.000616737408563, 0.000795179279521, 0.000840809894726, 0.000555448583327, 0.000436723959865, 0.000359208439477, 0.000345747044776, 0.000311927113216, 0.000273331592325, 0.000261989713181, 0.00022825045744, 0.000163239237736, 0.000173152657226, 0.000203680610866, 0.000177540627192, 0.000150394582306, 0.000145120968227, 0.000179253838724, 0.000186132456292, 0.000166055076988, 0.000149147395859, 9.82611454674e-05, 7.96863678261e-05, 7.33049673727e-05, 8.22163783596e-05, 8.18090265966e-05, 6.28703928669e-05, 7.39625538699e-05, 5.83784385526e-05, 6.64906983729e-05, 6.45065811113e-05, 6.5123065724e-05, 5.62391905987e-05, 4.16856637457e-05, 3.08764028887e-05, 2.80919775832e-05, 2.62467165157e-05, 2.55043323705e-05, 2.45319406531e-05, 2.29082452279e-05, 2.51123565249e-05, 2.34635790548e-05, 2.94374658552e-05, 2.23673996516e-05, 1.85258140846e-05, 1.88343383343e-05, 2.27090022236e-05, 2.05026844924e-05, 1.5560130123e-05, 1.22723440654e-05, 1.27387456814e-05, 1.12066318252e-05, 7.69948655943e-06, 9.1383481049e-06, 1.22008050312e-05, 1.01332625491e-05, 8.9926934379e-06, 1.2367522686e-05, 1.19117576105e-05, 8.92446951184e-06, 1.02224066723e-05, 9.16407225304e-06, 5.86962323723e-06, 6.0003226281e-06, 5.32790181751e-06, 5.87229214943e-06, 5.92949299971e-06, 3.88262060369e-06, 5.53209974896e-06, 8.59072588355e-06, 6.20003902441e-06, 1.28187684822e-05, 5.58726742383e-06, 4.52621452496e-06, 3.78847994398e-06, 5.46778574062e-06, 3.42295584232e-06, 2.75214802059e-06, 3.42861062563e-06, 3.72478893951e-06, 6.08564960203e-06, 4.26133055953e-06, 3.40822589351e-06, 4.46179228675e-06, 4.85784903503e-06, 3.89773003917e-06, 4.83690701003e-06, 3.94369635615e-06, 4.22216635343e-06, 4.14409896621e-06, 3.57633985004e-06, 4.45071054855e-06, 3.8559346649e-06, 4.54269411421e-06, 4.80437529404e-06, 3.56697523785e-06, 3.00272472487e-06, 3.49758624907e-06, 3.84224267691e-06, 2.72996248896e-06, 3.38366498909e-06, 8.01602982392e-06, 6.66450114295e-06, 1.8093116978e-06, 4.27579880125e-06, 4.27144459536e-06, 1.57532656431e-06, 1.10500059236e-06, 8.74783211202e-07, 4.22053204829e-07, 3.53054076641e-07, 3.10514849389e-07, 3.89201659345e-07, 2.80991940826e-07, 2.7807340075e-07, 1.93346195942e-07, 1.19067010473e-07, 7.19241270986e-08, 6.3246274884e-09, 1.25981872504e-11, 7.55032061178e-12],
        "stdev": [0.00779943400994, 0.0357758998871, 0.0256172399968, 0.0100246705115, 0.0145331174135, 0.00898227468133, 0.00296919792891, 0.00196264358237, 0.00169540953357, 0.0014482360566, 0.00132043752819, 0.00130057544447, 0.000879184575751, 0.000837863655761, 0.000777252367698, 0.000778481829911, 0.000772589526605, 0.000686768617015, 0.00047338657896, 0.000590069161262, 0.000666328181978, 0.000530988792889, 0.000500532856677, 0.000455885950942, 0.000639861391392, 0.000771872117184, 0.000660100777168, 0.000648160581477, 0.000409889617004, 0.0002799606591, 0.000242759517278, 0.000270489108516, 0.000307031790726, 0.000183330164873, 0.000346556887962, 0.000207476638025, 0.000254017795669, 0.000236864594626, 0.000259251857642, 0.000176615198143, 0.000133760113386, 0.000127698731376, 8.26978721307e-05, 8.3567094407e-05, 7.23953344277e-05, 7.18407900422e-05, 6.87554929755e-05, 7.73413412389e-05, 7.09386658855e-05, 8.91076633707e-05, 6.11996365478e-05, 4.65328630526e-05, 4.89790145366e-05, 5.64579313505e-05, 4.56263223896e-05, 3.53192990588e-05, 2.67766317847e-05, 3.13984128297e-05, 3.00944975606e-05, 1.64976954693e-05, 2.16549142351e-05, 3.48037792719e-05, 2.55182312685e-05, 2.04217922146e-05, 3.01194741041e-05, 3.2198473491e-05, 1.96069886442e-05, 2.97671103908e-05, 2.63375441136e-05, 1.34920283017e-05, 1.40844331327e-05, 1.25687647596e-05, 1.60109320859e-05, 1.68023034348e-05, 9.48546403379e-06, 1.69796167029e-05, 3.58618090104e-05, 2.00279009732e-05, 4.185144644e-05, 1.24234502437e-05, 1.27314788188e-05, 1.03305937955e-05, 2.234191561e-05, 9.81848097581e-06, 7.98917062639e-06, 9.42169481277e-06, 9.77078161668e-06, 1.53124165081e-05, 2.07293105632e-05, 1.28785541165e-05, 1.25300321088e-05, 1.29543750518e-05, 9.72953694145e-06, 1.3764315554e-05, 1.23191703096e-05, 2.01764141821e-05, 2.15170148294e-05, 1.31023489303e-05, 1.42130320455e-05, 1.22581122923e-05, 1.37127399285e-05, 1.16534229164e-05, 7.40882296668e-06, 6.13719794273e-06, 6.1395217017e-06, 8.34909042169e-06, 6.30321937933e-06, 6.1771579567e-06, 1.58871716849e-05, 1.40765178003e-05, 4.12472263633e-06, 8.69476662047e-06, 9.00267878023e-06, 3.08238395519e-06, 2.29659781326e-06, 1.8787678755e-06, 9.3221166253e-07, 8.44325597882e-07, 7.81160338192e-07, 9.33605804221e-07, 7.01529131675e-07, 6.83970540649e-07, 5.29623264356e-07, 3.6125322822e-07, 2.28715023809e-07, 2.29866632395e-08, 3.31333918635e-11, 1.29895625506e-11]
    },
    "mfcc": {
        "mean": [-675.937927246, 109.481666565, 25.5913524628, 24.3237705231, 15.1297082901, 9.80310440063, 7.53291034698, 6.11038827896, 7.02350282669, 4.11218547821, 3.47662234306, 4.16703939438, 2.27549672127],
        "cov": [[12321.4853516, -395.574462891, -472.311218262, -396.02041626, -291.873321533, -431.474060059, 253.708602905, 460.084289551, -16.3594551086, 146.90184021, 61.713809967, 213.208984375, 182.799102783], [-395.574462891, 2615.4296875, -190.400222778, 217.000213623, 41.3086395264, -25.565164566, 99.0669403076, 14.6688146591, 37.6911010742, -47.3428192139, 34.7356758118, 112.849067688, 33.1248435974], [-472.311218262, -190.400222778, 1408.95605469, 253.405395508, 292.139282227, 185.211807251, 67.4508590698, 93.2136306763, 42.638130188, 31.1769676208, 35.8768692017, 41.2092247009, 69.9194335938], [-396.02041626, 217.000213623, 253.405395508, 655.544250488, 225.82623291, 119.501983643, 25.722328186, -0.748145222664, 90.6593780518, 44.0632743835, 22.1093502045, 39.9183616638, 47.5499191284], [-291.873321533, 41.3086395264, 292.139282227, 225.82623291, 472.116973877, 167.498458862, 5.53548765182, 28.3383560181, 47.4826850891, 69.4324569702, 27.175163269, 42.8602561951, 61.4415016174], [-431.474060059, -25.565164566, 185.211807251, 119.501983643, 167.498458862, 398.257415771, 146.760421753, 26.4969902039, 107.731254578, 80.5681304932, 73.0689163208, 29.5029468536, 44.5728569031], [253.708602905, 99.0669403076, 67.4508590698, 25.722328186, 5.53548765182, 146.760421753, 386.576599121, 110.48500061, 93.2558135986, 76.0919036865, 70.7987594604, 60.7619552612, 37.7839584351], [460.084289551, 14.6688146591, 93.2136306763, -0.748145222664, 28.3383560181, 26.4969902039, 110.48500061, 265.590148926, 66.2485198975, 46.6911773682, 38.4648933411, 49.7706756592, 54.4422836304], [-16.3594551086, 37.6911010742, 42.638130188, 90.6593780518, 47.4826850891, 107.731254578, 93.2558135986, 66.2485198975, 212.780609131, 94.7860488892, 56.9241371155, 40.2117538452, 31.1012592316], [146.90184021, -47.3428192139, 31.1769676208, 44.0632743835, 69.4324569702, 80.5681304932, 76.0919036865, 46.6911773682, 94.7860488892, 196.804840088, 81.5648574829, 40.1662254333, 50.1804504395], [61.713809967, 34.7356758118, 35.8768692017, 22.1093502045, 27.175163269, 73.0689163208, 70.7987594604, 38.4648933411, 56.9241371155, 81.5648574829, 174.231201172, 48.9710845947, 27.2671070099], [213.208984375, 112.849067688, 41.2092247009, 39.9183616638, 42.8602561951, 29.5029468536, 60.7619552612, 49.7706756592, 40.2117538452, 40.1662254333, 48.9710845947, 152.73979187, 62.8727378845], [182.799102783, 33.1248435974, 69.9194335938, 47.5499191284, 61.4415016174, 44.5728569031, 37.7839584351, 54.4422836304, 31.1012592316, 50.1804504395, 27.2671070099, 62.8727378845, 142.581436157]],
        "icov": [[9.87310122582e-05, 2.25447929552e-05, 3.05812500301e-05, 2.29123888857e-05, 1.56764181156e-05, 0.000128914165543, -6.43535313429e-05, -0.000138194955071, 4.64654258394e-05, -6.41252627247e-05, 4.48197533842e-06, -9.13221083465e-05, -7.98445616965e-05], [2.25447929552e-05, 0.000434712215792, 0.000104588791146, -0.000156880632858, -5.69131589145e-05, 0.000136226924951, -0.000157302027219, 7.98354449216e-07, -4.66991696157e-05, 0.00026586727472, -0.00010035365267, -0.000297461956507, -3.85714301956e-05], [3.05812500301e-05, 0.000104588791146, 0.000899482343812, -0.000218248111196, -0.000389458815334, -0.000147112747072, -8.1602287537e-05, -0.000308496062644, 0.000142063712701, 0.000224108065595, -8.09229604783e-05, -4.16710427089e-05, -0.000154587920406], [2.29123888857e-05, -0.000156880632858, -0.000218248111196, 0.00205010431819, -0.000736787973437, -2.18928635149e-05, 2.83533372567e-05, 0.000340730766766, -0.00076818553498, 9.86424565781e-05, 0.000105505867396, -6.18409758317e-05, -0.0002429321612], [1.56764181156e-05, -5.69131589145e-05, -0.000389458815334, -0.000736787973437, 0.0032894720789, -0.0011408632854, 0.000682000769302, -0.000265829701675, 0.000461385847302, -0.000883529952262, 0.000367063184967, -0.000417474162532, -0.000386060710298], [0.000128914165543, 0.000136226924951, -0.000147112747072, -2.18928635149e-05, -0.0011408632854, 0.00419635698199, -0.00140966998879, 0.000553827208932, -0.0011967367027, 3.82176840503e-05, -0.000838950567413, 0.000464284181362, -0.000572302029468], [-6.43535313429e-05, -0.000157302027219, -8.1602287537e-05, 2.83533372567e-05, 0.000682000769302, -0.00140966998879, 0.00383502524346, -0.00109435908962, -0.00036444037687, -0.000529380980879, -0.000255750521319, -0.000678725715261, 0.000311994663207], [-0.000138194955071, 7.98354449216e-07, -0.000308496062644, 0.000340730766766, -0.000265829701675, 0.000553827208932, -0.00109435908962, 0.00513699185103, -0.00123786099721, 0.000190764127183, -0.000243598304223, -0.000255961640505, -0.00115307979286], [4.64654258394e-05, -4.66991696157e-05, 0.000142063712701, -0.00076818553498, 0.000461385847302, -0.0011967367027, -0.00036444037687, -0.00123786099721, 0.00729602668434, -0.00258145458065, -0.000169343868038, -0.000612065952737, 0.000501647766214], [-6.41252627247e-05, 0.00026586727472, 0.000224108065595, 9.86424565781e-05, -0.000883529952262, 3.82176840503e-05, -0.000529380980879, 0.000190764127183, -0.00258145458065, 0.00830203015357, -0.00264110835269, 0.000211178194149, -0.001632901025], [4.48197533842e-06, -0.00010035365267, -8.09229604783e-05, 0.000105505867396, 0.000367063184967, -0.000838950567413, -0.000255750521319, -0.000243598304223, -0.000169343868038, -0.00264110835269, 0.00790492631495, -0.00169421266764, 0.000488753255922], [-9.13221083465e-05, -0.000297461956507, -4.16710427089e-05, -6.18409758317e-05, -0.000417474162532, 0.000464284181362, -0.000678725715261, -0.000255961640505, -0.000612065952737, 0.000211178194149, -0.00169421266764, 0.00925069488585, -0.00315640168265], [-7.98445616965e-05, -3.85714301956e-05, -0.000154587920406, -0.0002429321612, -0.000386060710298, -0.000572302029468, 0.000311994663207, -0.00115307979286, 0.000501647766214, -0.001632901025, 0.000488753255922, -0.00315640168265, 0.00974820461124]]
    },
    "spectral_contrast_coeffs": {
        "mean": [-0.703061103821, -0.752342283726, -0.794246673584, -0.806926250458, -0.798172593117, -0.791616559029],
        "stdev": [0.0880228579044, 0.0877336487174, 0.0760664120317, 0.0551743768156, 0.0521171502769, 0.0473126582801]
    },
    "spectral_contrast_valleys": {
        "mean": [-7.01188850403, -7.2871131897, -7.8118057251, -8.06414318085, -8.04347991943, -10.0177326202],
        "stdev": [1.68883323669, 1.54475462437, 1.57666671276, 1.53258740902, 1.5411785841, 1.64552509785]
    }
},
"rhythm": {
    "beats_count": 374,
    "beats_loudness": {
        "mean": 0.116906173527,
        "stdev": 0.0577905587852
    },
    "bpm": 83.005531311,
    "bpm_histogram_first_peak_bpm": 83,
    "bpm_histogram_first_peak_weight": 0.021563410759,
    "bpm_histogram_second_peak_bpm": 75,
    "bpm_histogram_second_peak_spread": 0.5,
    "bpm_histogram_second_peak_weight": 0.00268096523359,
    "danceability": 1.37287378311,
    "onset_rate": 5.28073740005,
    "beats_loudness_band_ratio": {
        "mean": [0.588268816471, 0.0544465780258, 0.0701325461268, 0.0840501710773, 0.0739433988929, 0.143516346812],
        "stdev": [0.352012366056, 0.0889911800623, 0.106810674071, 0.0901347398758, 0.083411231637, 0.177710562944]
    },
    "beats_position": [0.777868449688, 1.55573689938, 2.35682535172, 3.08825397491, 3.80807256699, 4.53950119019, 5.25931978226, 5.99074840546, 6.71056699753, 7.4303855896, 8.15020370483, 8.88163280487, 9.6014509201, 10.3328800201, 11.0526981354, 11.7725172043, 12.4923353195, 13.2121543884, 13.9435825348, 14.6750106812, 15.3948297501, 16.114648819, 16.8344669342, 17.5542850494, 18.2741031647, 18.9939231873, 19.7137413025, 20.4451694489, 21.1649875641, 21.8964176178, 22.616235733, 23.3360538483, 24.0558719635, 24.7756919861, 25.4955101013, 26.2269382477, 26.958366394, 27.6781845093, 28.3980045319, 29.1178226471, 29.8376407623, 30.5574588776, 31.2772789001, 32.0087051392, 32.7285270691, 33.4599533081, 34.1797714233, 34.8995895386, 35.6194114685, 36.3508377075, 37.0822677612, 37.8020858765, 38.5219039917, 39.2417221069, 39.9615402222, 40.6813583374, 41.4011802673, 42.1209983826, 42.8524246216, 43.5838546753, 44.3036727905, 45.0234909058, 45.743309021, 46.4631271362, 47.1829452515, 47.9143753052, 48.6341934204, 49.3656234741, 50.0854415894, 50.8052597046, 51.5250778198, 52.2448959351, 52.9763259888, 53.7077522278, 54.4275741577, 55.1473922729, 55.8672103882, 56.5870285034, 57.3068466187, 58.0266647339, 58.7580947876, 59.4895210266, 60.2093429565, 60.9291610718, 61.648979187, 62.3687973022, 63.100227356, 63.831653595, 64.5514755249, 65.2712936401, 65.9911117554, 66.7109298706, 67.4307479858, 68.1505661011, 68.8703842163, 69.60181427, 70.3216323853, 71.053062439, 71.7728805542, 72.4926986694, 73.2125167847, 73.9323348999, 74.6637649536, 75.3951950073, 76.1150131226, 76.8348312378, 77.554649353, 78.2744674683, 78.9942855835, 79.7257156372, 80.4455337524, 81.1769561768, 81.8967819214, 82.6166000366, 83.3364181519, 84.0562362671, 84.7760543823, 85.5190887451, 86.2389068604, 86.9587249756, 87.6785507202, 88.3983688354, 89.1181869507, 89.8380050659, 90.5694351196, 91.3008575439, 92.0206756592, 92.7404937744, 93.460319519, 94.1801376343, 94.8999557495, 95.6197738647, 96.33959198, 97.0710220337, 97.802444458, 98.5222625732, 99.2420806885, 99.9619064331, 100.681724548, 101.401542664, 102.132965088, 102.864395142, 103.584213257, 104.304031372, 105.023849487, 105.743675232, 106.475097656, 107.194915771, 107.914733887, 108.64616394, 109.365982056, 110.085800171, 110.805618286, 111.525436401, 112.256866455, 112.988296509, 113.708114624, 114.427932739, 115.147750854, 115.86756897, 116.587387085, 117.3072052, 118.027030945, 118.758453369, 119.478271484, 120.209701538, 120.929519653, 121.649337769, 122.369155884, 123.088973999, 123.820404053, 124.551834106, 125.271652222, 125.991470337, 126.711288452, 127.431106567, 128.150924683, 128.870742798, 129.602172852, 130.333602905, 131.053421021, 131.773239136, 132.493057251, 133.212875366, 133.932693481, 134.664123535, 135.38394165, 136.115371704, 136.835189819, 137.555007935, 138.27482605, 138.994644165, 139.726074219, 140.457504272, 141.177322388, 141.897140503, 142.616958618, 143.336776733, 144.056594849, 144.776412964, 145.507843018, 146.239273071, 146.959091187, 147.678909302, 148.398727417, 149.118545532, 149.838363647, 150.569793701, 151.289611816, 152.02104187, 152.740859985, 153.460678101, 154.180496216, 154.900314331, 155.620132446, 156.3515625, 157.082992554, 157.802810669, 158.522628784, 159.242446899, 159.962265015, 160.68208313, 161.401901245, 162.133331299, 162.864761353, 163.584579468, 164.304397583, 165.024215698, 165.744033813, 166.475463867, 167.206893921, 167.926712036, 168.646530151, 169.366348267, 170.086166382, 170.805984497, 171.525802612, 172.257232666, 172.977050781, 173.708480835, 174.42829895, 175.148117065, 175.867935181, 176.587753296, 177.307571411, 178.050613403, 178.770431519, 179.490249634, 180.210067749, 180.929885864, 181.661315918, 182.381134033, 183.100952148, 183.832382202, 184.552200317, 185.272018433, 185.991836548, 186.711654663, 187.443084717, 188.174514771, 188.894332886, 189.614151001, 190.333969116, 191.053787231, 191.773605347, 192.493423462, 193.224853516, 193.956283569, 194.676101685, 195.3959198, 196.115737915, 196.83555603, 197.555374146, 198.275192261, 198.995010376, 199.72644043, 200.457870483, 201.177688599, 201.909118652, 202.617324829, 203.337142944, 204.05696106, 204.788391113, 205.519821167, 206.239639282, 206.959457397, 207.679275513, 208.399093628, 209.118911743, 209.850341797, 210.581771851, 211.301589966, 212.021408081, 212.741226196, 213.461044312, 214.180862427, 214.900680542, 215.643707275, 216.363540649, 217.083358765, 217.80317688, 218.522994995, 219.24281311, 219.962631226, 220.682449341, 221.425476074, 222.145309448, 222.865127563, 223.584945679, 224.304763794, 225.024581909, 225.744400024, 226.475830078, 227.207244873, 227.927078247, 228.646896362, 229.366714478, 230.086532593, 230.806350708, 231.537780762, 232.257598877, 232.989013672, 233.708831787, 234.428665161, 235.148483276, 235.868301392, 236.599716187, 237.33114624, 238.050964355, 238.770782471, 239.490600586, 240.21043396, 240.930252075, 241.65007019, 242.381484985, 243.112915039, 243.832733154, 244.55255127, 245.272369385, 245.9921875, 246.712020874, 247.455047607, 248.174865723, 248.894683838, 249.614501953, 250.334320068, 251.054138184, 251.773956299, 252.493789673, 253.213607788, 253.945022583, 254.676452637, 255.396270752, 256.116088867, 256.835906982, 257.555725098, 258.275543213, 259.018585205, 259.73840332, 260.458221436, 261.178039551, 261.897857666, 262.617675781, 263.337493896, 264.068939209, 264.800354004, 265.520172119, 266.239990234, 266.95980835, 267.679626465, 268.39944458, 269.119262695, 269.827484131, 270.547302246],
    "bpm_histogram": [0, 0, 0, 0, 0, 0, 0, 0, 0, 0, 0, 0, 0, 0, 0, 0, 0, 0, 0, 0, 0, 0, 0, 0, 0, 0, 0, 0, 0, 0, 0, 0, 0, 0, 0, 0, 0, 0, 0, 0, 0, 0, 0, 0, 0, 0, 0, 0, 0, 0, 0, 0, 0, 0, 0, 0, 0, 0, 0, 0, 0, 0, 0, 0, 0, 0, 0, 0, 0, 0, 0, 0, 0, 0, 0, 0.00268096523359, 0, 0.00268096523359, 0, 0, 0, 0.0160857904702, 0.23592492938, 0.737265408039, 0, 0.00536193046719, 0, 0, 0, 0, 0, 0, 0, 0, 0, 0, 0, 0, 0, 0, 0, 0, 0, 0, 0, 0, 0, 0, 0, 0, 0, 0, 0, 0, 0, 0, 0, 0, 0, 0, 0, 0, 0, 0, 0, 0, 0, 0, 0, 0, 0, 0, 0, 0, 0, 0, 0, 0, 0, 0, 0, 0, 0, 0, 0, 0, 0, 0, 0, 0, 0, 0, 0, 0, 0, 0, 0, 0, 0, 0, 0, 0, 0, 0, 0, 0, 0, 0, 0, 0, 0, 0, 0, 0, 0, 0, 0, 0, 0, 0, 0, 0, 0, 0, 0, 0, 0, 0, 0, 0, 0, 0, 0, 0, 0, 0, 0, 0, 0, 0, 0, 0, 0, 0, 0, 0, 0, 0, 0, 0, 0, 0, 0, 0, 0, 0, 0, 0, 0, 0, 0, 0, 0, 0, 0, 0, 0, 0, 0, 0, 0, 0, 0, 0, 0, 0, 0, 0, 0, 0, 0, 0, 0, 0, 0, 0, 0, 0, 0, 0]
},
"tonal": {
    "chords_changes_rate": 0.0724315047264,
    "chords_number_rate": 0.00119863008149,
    "chords_strength": {
        "mean": 0.506116867065,
        "stdev": 0.0842316970229
    },
    "hpcp_crest": {
        "mean": 12.224776268,
        "stdev": 5.64222669601
    },
    "hpcp_entropy": {
        "mean": 2.19495463371,
        "stdev": 0.78400093317
    },
    "key_edma": {
        "strength": 0.517330348492,
        "key": "B",
        "scale": "minor"
    },
    "key_krumhansl": {
        "strength": 0.503155529499,
        "key": "B",
        "scale": "minor"
    },
    "key_temperley": {
        "strength": 0.497565746307,
        "key": "F#",
        "scale": "minor"
    },
    "tuning_diatonic_strength": 0.500220954418,
    "tuning_equal_tempered_deviation": 0.129305109382,
    "tuning_frequency": 434.193115234,
    "tuning_nontempered_energy_ratio": 0.782069683075,
    "hpcp": {
        "mean": [0.13983631134, 0.121805742383, 0.0597953572869, 0.0412950553, 0.0427253395319, 0.0447798222303, 0.0464968793094, 0.0503450110555, 0.0514804422855, 0.0540097914636, 0.0525677129626, 0.0502260401845, 0.0525492839515, 0.0535293929279, 0.0503262020648, 0.0447834022343, 0.0451451875269, 0.0474707297981, 0.0440853759646, 0.0427040196955, 0.045782700181, 0.0462888740003, 0.0528752952814, 0.0617899037898, 0.0656435415149, 0.0757939592004, 0.366065502167, 0.536299586296, 0.283042579889, 0.128526613116, 0.104311421514, 0.0840792804956, 0.0737697556615, 0.105850502849, 0.120700113475, 0.107619360089],
        "stdev": [0.276003807783, 0.261382192373, 0.152162179351, 0.12648974359, 0.131791293621, 0.137542068958, 0.138680174947, 0.147949323058, 0.142875626683, 0.148547664285, 0.148223906755, 0.146080955863, 0.148036524653, 0.147974938154, 0.139888390899, 0.130793750286, 0.129437997937, 0.137516349554, 0.128222078085, 0.125147566199, 0.129191637039, 0.123526357114, 0.144561424851, 0.165404558182, 0.177250668406, 0.188290670514, 0.36328536272, 0.45394051075, 0.309189558029, 0.257125914097, 0.233408287168, 0.206818789244, 0.191255420446, 0.230533972383, 0.252416372299, 0.216077461839]
    },
    "chords_histogram": [54.1952056885, 0.0342465750873, 0.582191765308, 0.325342476368, 0.119863010943, 7.14041090012, 1.13013696671, 0.102739728987, 0.0684931501746, 0.99315071106, 1.72945201397, 0.49657535553, 0.273972600698, 0.359589040279, 0, 0, 0.599315047264, 3.35616445541, 0, 0.393835604191, 0, 0.0171232875437, 6.43835639954, 21.6438350677],
    "thpcp": [1, 0.527769505978, 0.239654511213, 0.194502145052, 0.156776696444, 0.13755325973, 0.197371959686, 0.225060984492, 0.200670227408, 0.260742902756, 0.227122575045, 0.111496180296, 0.076999977231, 0.0796669274569, 0.0834977775812, 0.0866994485259, 0.0938747897744, 0.0959919467568, 0.100708246231, 0.0980193018913, 0.0936529561877, 0.0979849398136, 0.0998124852777, 0.0938397198915, 0.0835044533014, 0.0841790437698, 0.0885153189301, 0.0822028890252, 0.0796271711588, 0.0853677690029, 0.0863116011024, 0.0985928326845, 0.115215271711, 0.12240087986, 0.141327649355, 0.682576537132],
    "chords_key": "F#",
    "chords_scale": "minor"
}
}