{
"metadata": {
    "version": {
        "essentia": "2.1-beta6-dev",
        "essentia_git_sha": "v2.1_beta5-1177-g1d1cc983",
        "extractor": "music 2.0"
    },
    "audio_properties": {
        "analysis": {
            "equal_loudness": 0,
            "length": 149.44934082,
            "sample_rate": 44100,
            "start_time": 0,
            "downmix": "mix"
        },
        "bit_rate": 1536000,
        "length": 149.449356079,
        "lossless": 1,
        "number_channels": 2,
        "replay_gain": -15.3478183746,
        "sample_rate": 48000,
        "codec": "pcm_s16le",
        "md5_encoded": "804e20c4225443b0f504ef25eb21e176"
    },
    "tags": {
        "file_name": "NLE Choppa, BigXthaPlug - PISTOL PACCIN.wav",
        "album": ["Cottonwood 2 (Deluxe 2.0)"],
        "artist": ["NLE Choppa", "BigXthaPlug"],
        "audiosourcewebpage": [""],
        "composer": ["Warner Records"],
        "copyright": ["© 2023 NLE Choppa Entertainment Inc., under exclusive license to Warner Records Inc."],
        "date": ["2023-10-27"],
        "isrc": ["USWB12306484"],
        "title": ["PISTOL PACCIN"],
        "tracknumber": ["4\/40"]
    }
},
"lowlevel": {
    "average_loudness": 0.866753518581,
    "barkbands_crest": {
        "mean": 13.7705478668,
        "stdev": 5.93969869614
    },
    "barkbands_flatness_db": {
        "mean": 0.181437253952,
        "stdev": 0.0849089771509
    },
    "barkbands_kurtosis": {
        "mean": 17.3517684937,
        "stdev": 40.5190048218
    },
    "barkbands_skewness": {
        "mean": 2.41652369499,
        "stdev": 2.87308311462
    },
    "barkbands_spread": {
        "mean": 23.4546070099,
        "stdev": 18.7305927277
    },
    "dissonance": {
        "mean": 0.466037303209,
        "stdev": 0.0314965546131
    },
    "dynamic_complexity": 4.36646556854,
    "erbbands_crest": {
        "mean": 9.39726066589,
        "stdev": 4.20692062378
    },
    "erbbands_flatness_db": {
        "mean": 0.166347578168,
        "stdev": 0.0631211772561
    },
    "erbbands_kurtosis": {
        "mean": 1.13831591606,
        "stdev": 3.57319545746
    },
    "erbbands_skewness": {
        "mean": -0.246971696615,
        "stdev": 1.10595369339
    },
    "erbbands_spread": {
        "mean": 43.8884353638,
        "stdev": 27.3467712402
    },
    "hfc": {
        "mean": 25.6812820435,
        "stdev": 28.2811069489
    },
    "loudness_ebu128": {
        "integrated": -7.38625335693,
        "loudness_range": 2.715883255,
        "momentary": {
            "mean": -9.87947368622,
            "stdev": 9.74363517761
        },
        "short_term": {
            "mean": -8.47560024261,
            "stdev": 3.63469529152
        }
    },
    "melbands_crest": {
        "mean": 22.0524082184,
        "stdev": 10.2307519913
    },
    "melbands_flatness_db": {
        "mean": 0.241932928562,
        "stdev": 0.113347150385
    },
    "melbands_kurtosis": {
        "mean": 57.4490776062,
        "stdev": 119.315658569
    },
    "melbands_skewness": {
        "mean": 4.62367248535,
        "stdev": 4.62014579773
    },
    "melbands_spread": {
        "mean": 27.8496723175,
        "stdev": 32.0356483459
    },
    "pitch_salience": {
        "mean": 0.440227895975,
        "stdev": 0.207611694932
    },
    "silence_rate_20dB": {
        "mean": 1,
        "stdev": 0
    },
    "silence_rate_30dB": {
        "mean": 0.935228347778,
        "stdev": 0.246113598347
    },
    "silence_rate_60dB": {
        "mean": 0.1691519171,
        "stdev": 0.374900341034
    },
    "spectral_centroid": {
        "mean": 1848.0246582,
        "stdev": 969.123046875
    },
    "spectral_complexity": {
        "mean": 14.8499536514,
        "stdev": 11.4811649323
    },
    "spectral_decrease": {
        "mean": -1.18032890128e-08,
        "stdev": 9.85981962742e-09
    },
    "spectral_energy": {
        "mean": 0.0468776486814,
        "stdev": 0.0379420220852
    },
    "spectral_energyband_high": {
        "mean": 0.00162991136312,
        "stdev": 0.00262685562484
    },
    "spectral_energyband_low": {
        "mean": 0.0334955304861,
        "stdev": 0.0360250100493
    },
    "spectral_energyband_middle_high": {
        "mean": 0.00563419191167,
        "stdev": 0.00704089459032
    },
    "spectral_energyband_middle_low": {
        "mean": 0.00649179005995,
        "stdev": 0.00944962911308
    },
    "spectral_entropy": {
        "mean": 7.63087892532,
        "stdev": 0.52725237608
    },
    "spectral_flux": {
        "mean": 0.0961075723171,
        "stdev": 0.0679478496313
    },
    "spectral_kurtosis": {
        "mean": 4.57222080231,
        "stdev": 5.03873109818
    },
    "spectral_rms": {
        "mean": 0.00589099153876,
        "stdev": 0.00332121830434
    },
    "spectral_rolloff": {
        "mean": 1752.62097168,
        "stdev": 2249.01245117
    },
    "spectral_skewness": {
        "mean": 1.38482177258,
        "stdev": 0.669501960278
    },
    "spectral_spread": {
        "mean": 4908779,
        "stdev": 2318213.5
    },
    "spectral_strongpeak": {
        "mean": 0.727725803852,
        "stdev": 1.0593804121
    },
    "zerocrossingrate": {
        "mean": 0.0634045898914,
        "stdev": 0.0573627054691
    },
    "barkbands": {
        "mean": [0.00507121346891, 0.0261254049838, 0.00208007940091, 0.000963122176472, 0.00166054826695, 0.000778282235842, 0.00107919983566, 0.00114510860294, 0.000616390665527, 0.000723467732314, 0.000491865852382, 0.000577318482101, 0.000539017550182, 0.000445629877504, 0.000480263057398, 0.000722576107364, 0.000575424463023, 0.000413536792621, 0.000595831836108, 0.000291206903057, 0.000396091025323, 0.000373530812794, 0.000403873884352, 0.000187951125554, 9.74941722234e-05, 3.89927663491e-05, 4.15411250287e-06],
        "stdev": [0.00836720969528, 0.0305196754634, 0.00820332765579, 0.00406584748998, 0.00319286622107, 0.00181967066601, 0.00279369321652, 0.00294734607451, 0.00168550491799, 0.00198491686024, 0.00164233963005, 0.00177011732012, 0.00149479927495, 0.00114129064605, 0.00128895614762, 0.00150201411452, 0.00107485579792, 0.000726054946426, 0.00125821854454, 0.000628485810012, 0.000784572854172, 0.000675525458064, 0.000706902937964, 0.000362968246918, 0.000187714205822, 8.16955434857e-05, 1.29063691929e-05]
    },
    "erbbands": {
        "mean": [1.38940441608, 3.28148508072, 2.77682256699, 3.09044146538, 4.08523368835, 5.70382642746, 6.15891218185, 6.72660970688, 14.7749462128, 20.1578369141, 22.0734577179, 14.3862247467, 21.0374145508, 16.9773082733, 24.7594413757, 22.3808403015, 25.1006355286, 22.3867435455, 21.1456871033, 31.7726860046, 41.8473129272, 32.3890151978, 23.4178733826, 28.2987422943, 26.0584049225, 13.1821470261, 14.6157360077, 15.53632164, 12.8443012238, 13.3189754486, 11.5846090317, 5.23243093491, 2.72437763214, 1.30616140366, 0.588707447052, 0.228071555495, 0.0608126297593, 0.00839012302458, 0.000795004947577, 9.01350213098e-05],
        "stdev": [1.61257958412, 5.1340970993, 8.96339988708, 12.1653089523, 11.1875314713, 11.2184400558, 13.9392547607, 16.2010173798, 40.0910453796, 53.1650047302, 55.3310661316, 39.5781288147, 60.0224227905, 47.2715263367, 75.3350982666, 62.7959976196, 66.6006088257, 56.3237762451, 47.5310020447, 77.3287734985, 84.0463790894, 57.3714752197, 38.6755638123, 57.0390777588, 59.0499458313, 25.9546699524, 30.3403167725, 29.8687591553, 24.0638885498, 22.9683628082, 21.0488643646, 9.31368541718, 5.5158457756, 2.4494395256, 1.20582067966, 0.460402607918, 0.135703489184, 0.0218231491745, 0.00225476780906, 0.000116361356049]
    },
    "gfcc": {
        "mean": [-45.8937187195, 67.9466094971, -114.80255127, 41.6274986267, -50.1658592224, 15.0352392197, -36.3396835327, 11.3336086273, -13.6919775009, 2.29169845581, -9.66829967499, 5.081990242, -9.15911483765],
        "cov": [[24192.7226562, -989.793518066, 635.260070801, 1685.62329102, -558.969482422, 1565.56994629, 264.511962891, 702.265808105, 139.59425354, 521.745788574, -35.9884757996, 668.391662598, -8.29213523865], [-989.793518066, 2416.83642578, 62.242641449, -64.0030670166, 685.710754395, -172.011566162, 207.746429443, 4.20707082748, 208.662612915, -145.010528564, 221.593963623, -111.465164185, 108.526176453], [635.260070801, 62.242641449, 2426.79443359, 1038.84765625, 348.626831055, 820.408813477, 305.555908203, 147.138259888, 190.361343384, 140.05569458, 113.248054504, 210.240539551, 95.2449417114], [1685.62329102, -64.0030670166, 1038.84765625, 1283.67358398, 309.537506104, 433.366790771, 255.439941406, 36.1175003052, 160.945037842, 126.7889328, 81.6135253906, 122.426879883, 145.436233521], [-558.969482422, 685.710754395, 348.626831055, 309.537506104, 724.04107666, 110.597442627, 108.188140869, 62.1590690613, 159.755172729, 43.0667037964, 95.6718597412, -18.7188911438, 106.975288391], [1565.56994629, -172.011566162, 820.408813477, 433.366790771, 110.597442627, 659.609436035, 274.873718262, 133.227539062, 65.7254486084, 106.942649841, 43.8167572021, 125.151794434, 17.999874115], [264.511962891, 207.746429443, 305.555908203, 255.439941406, 108.188140869, 274.873718262, 535.176147461, 122.32472229, 41.1298370361, 38.5721969604, 83.4647674561, 57.4496917725, 45.7258529663], [702.265808105, 4.20707082748, 147.138259888, 36.1175003052, 62.1590690613, 133.227539062, 122.32472229, 244.653762817, 62.0199737549, 38.8280029297, 15.8246126175, 45.2124328613, 3.08934664726], [139.59425354, 208.662612915, 190.361343384, 160.945037842, 159.755172729, 65.7254486084, 41.1298370361, 62.0199737549, 238.274368286, 52.3627700806, 43.6370124817, 19.1609916687, 35.8018379211], [521.745788574, -145.010528564, 140.05569458, 126.7889328, 43.0667037964, 106.942649841, 38.5721969604, 38.8280029297, 52.3627700806, 168.045928955, 33.314201355, 16.4837188721, 8.29187202454], [-35.9884757996, 221.593963623, 113.248054504, 81.6135253906, 95.6718597412, 43.8167572021, 83.4647674561, 15.8246126175, 43.6370124817, 33.314201355, 144.890869141, 31.403465271, 18.1368503571], [668.391662598, -111.465164185, 210.240539551, 122.426879883, -18.7188911438, 125.151794434, 57.4496917725, 45.2124328613, 19.1609916687, 16.4837188721, 31.403465271, 164.710174561, 34.6735305786], [-8.29213523865, 108.526176453, 95.2449417114, 145.436233521, 106.975288391, 17.999874115, 45.7258529663, 3.08934664726, 35.8018379211, 8.29187202454, 18.1368503571, 34.6735305786, 127.307022095]],
        "icov": [[8.36026447359e-05, -0.000103239093733, 0.000135709138704, -0.000188026737305, 0.000168264945387, -0.000259553431533, 0.000169192309841, -0.000226284348173, 7.69080215832e-05, -0.000216143220314, 0.000144199118949, -0.000256597064435, 8.85467015905e-05], [-0.000103239093733, 0.00104565697256, -0.000280350766843, 0.000516785075888, -0.000890620518476, 0.00060754804872, -0.000584429653827, 0.000432243512478, -0.000635587086435, 0.00132235407364, -0.00125926535111, 0.00088560587028, -0.000386037543649], [0.000135709138704, -0.000280350766843, 0.00114534620661, -0.00076936307596, 0.000234674589592, -0.00133476394694, 0.000532968435436, -0.000407700019423, 4.3614058086e-05, -0.000262842571829, 0.000159243150847, -0.000727541744709, 0.000260175089352], [-0.000188026737305, 0.000516785075888, -0.00076936307596, 0.0020182961598, -0.000775850028731, 0.000425098580308, -0.000799447647296, 0.001128577278, -0.000682478537783, 0.000314549368341, -0.000482951494632, 0.000553909339942, -0.00124192959629], [0.000168264945387, -0.000890620518476, 0.000234674589592, -0.000775850028731, 0.00296424329281, -0.000870034447871, 0.000706770049874, -0.00096346589271, -0.000261105218669, -0.000950385059696, 1.64533339557e-05, 0.000357583106961, -0.00108174677007], [-0.000259553431533, 0.00060754804872, -0.00133476394694, 0.000425098580308, -0.000870034447871, 0.00460925418884, -0.00180477998219, 0.000189357175259, -8.71650554473e-05, -0.000209828242077, 5.15434257977e-05, -0.000322728621541, 0.000819906184915], [0.000169192309841, -0.000584429653827, 0.000532968435436, -0.000799447647296, 0.000706770049874, -0.00180477998219, 0.0033938633278, -0.00158884644043, 0.000681886565872, -0.000330032286001, -0.000743653159589, -0.00026607667678, -0.000487229903229], [-0.000226284348173, 0.000432243512478, -0.000407700019423, 0.001128577278, -0.00096346589271, 0.000189357175259, -0.00158884644043, 0.00617665890604, -0.00150259793736, 6.89880980644e-05, 0.000278953200905, -0.00045911304187, 0.000339500838891], [7.69080215832e-05, -0.000635587086435, 4.3614058086e-05, -0.000682478537783, -0.000261105218669, -8.71650554473e-05, 0.000681886565872, -0.00150259793736, 0.00606550835073, -0.00183180568274, 4.76370005345e-05, -0.000586293986998, -0.000116417126264], [-0.000216143220314, 0.00132235407364, -0.000262842571829, 0.000314549368341, -0.000950385059696, -0.000209828242077, -0.000330032286001, 6.89880980644e-05, -0.00183180568274, 0.00919702928513, -0.00310651259497, 0.00202225265093, -0.000551007688046], [0.000144199118949, -0.00125926535111, 0.000159243150847, -0.000482951494632, 1.64533339557e-05, 5.15434257977e-05, -0.000743653159589, 0.000278953200905, 4.76370005345e-05, -0.00310651259497, 0.0105982962996, -0.00312172854319, 0.00128398241941], [-0.000256597064435, 0.00088560587028, -0.000727541744709, 0.000553909339942, 0.000357583106961, -0.000322728621541, -0.00026607667678, -0.00045911304187, -0.000586293986998, 0.00202225265093, -0.00312172854319, 0.00987217295915, -0.00321917934343], [8.85467015905e-05, -0.000386037543649, 0.000260175089352, -0.00124192959629, -0.00108174677007, 0.000819906184915, -0.000487229903229, 0.000339500838891, -0.000116417126264, -0.000551007688046, 0.00128398241941, -0.00321917934343, 0.0111363260075]]
    },
    "melbands": {
        "mean": [0.00946938432753, 0.00222307420336, 0.000554485595785, 0.000360947247827, 0.000227115044254, 0.0001583139383, 0.000219761379412, 0.000234438746702, 0.000173449254362, 8.24941307656e-05, 0.000107046012999, 7.03698970028e-05, 7.41502517485e-05, 6.74943003105e-05, 6.14855307504e-05, 4.89449448651e-05, 4.13796879002e-05, 3.30356997438e-05, 3.96193318011e-05, 4.7441382776e-05, 4.79957598145e-05, 3.54336807504e-05, 2.37246949837e-05, 1.86003344425e-05, 2.32966831391e-05, 2.33180235227e-05, 1.31063561639e-05, 7.50794515625e-06, 8.40978009364e-06, 1.02088233689e-05, 8.38664982439e-06, 6.98057010595e-06, 7.45659053791e-06, 7.08996503818e-06, 7.23868333807e-06, 4.72843794341e-06, 2.6084107958e-06, 2.03727108783e-06, 1.37765164254e-06, 1.01889054349e-06],
        "stdev": [0.0107294851914, 0.00454222643748, 0.00197608908638, 0.000742565607652, 0.000473798456369, 0.000369884364773, 0.000580218445975, 0.000616854755208, 0.000438848685008, 0.000238965556491, 0.000310363917379, 0.00020095326181, 0.000236087842495, 0.00021866770112, 0.000182125091669, 0.00013643829152, 0.000112150475616, 8.23954687803e-05, 0.000110780340037, 0.00010703352018, 9.78431999101e-05, 6.70708468533e-05, 4.244367301e-05, 3.54511394107e-05, 5.0423128414e-05, 5.56587801839e-05, 3.09291281155e-05, 1.48137942233e-05, 1.88144549611e-05, 2.0642832169e-05, 1.62512988027e-05, 1.37576780617e-05, 1.36560192914e-05, 1.24531125039e-05, 1.38139703267e-05, 8.19951674202e-06, 4.93290599479e-06, 4.3000104597e-06, 2.7942289762e-06, 1.90122295862e-06]
    },
    "melbands128": {
        "mean": [0.00473755272105, 0.0139253968373, 0.00985375512391, 0.00411810399964, 0.00160114257596, 0.00097125780303, 0.0006368503673, 0.000440586562036, 0.000392358546378, 0.000404049118515, 0.00029940326931, 0.000274991092738, 0.000215482185013, 0.0001590885513, 0.000130377695314, 0.000151203770656, 0.000251972436672, 0.00024039465643, 0.000170284736669, 0.000220235306188, 0.000294395431411, 0.000203662071726, 0.000162398922839, 0.000139202908031, 8.6969055701e-05, 6.04434571869e-05, 5.91708121647e-05, 0.000130378248286, 0.000137515206006, 7.00110176695e-05, 5.32957092219e-05, 5.13591767231e-05, 6.65569386911e-05, 0.000102750091173, 8.36094841361e-05, 4.90199490741e-05, 5.12697188242e-05, 6.91310851835e-05, 6.30215727142e-05, 5.46787377971e-05, 4.71425701107e-05, 3.70883171854e-05, 4.08669366152e-05, 4.3424530304e-05, 4.27937593486e-05, 2.72276320175e-05, 2.5795028705e-05, 4.08553132729e-05, 4.85397358716e-05, 3.60132180504e-05, 4.70270388178e-05, 5.76693673793e-05, 5.32634221599e-05, 4.31850239693e-05, 3.90781497117e-05, 3.75455638277e-05, 2.93675493594e-05, 2.359177779e-05, 2.35858624364e-05, 2.04162570299e-05, 1.76021349034e-05, 1.6730686184e-05, 2.08377259696e-05, 2.55438444583e-05, 2.75493912341e-05, 2.56987623288e-05, 1.962591341e-05, 1.47498858496e-05, 1.2720200175e-05, 8.7823764261e-06, 6.62674710838e-06, 7.47957938074e-06, 7.43783675716e-06, 8.55359849083e-06, 9.36200558499e-06, 1.03712718555e-05, 1.05999688458e-05, 1.01938967418e-05, 7.64971537137e-06, 7.26932466932e-06, 6.55177291264e-06, 6.89510216034e-06, 7.84727035352e-06, 6.6802163019e-06, 8.00170528237e-06, 8.68468850967e-06, 5.68513905819e-06, 5.95498295297e-06, 9.09556092665e-06, 6.09416974839e-06, 6.30285558145e-06, 4.01815668738e-06, 3.02786907014e-06, 2.60523393081e-06, 2.32499996855e-06, 2.14644182961e-06, 2.0790932922e-06, 1.658119686e-06, 1.50430901158e-06, 1.13947760383e-06, 1.03048512301e-06, 1.0362074363e-06, 9.50285652834e-07, 8.19108208816e-07, 6.40905227556e-07, 5.16197701472e-07, 4.71996912665e-07, 4.3693668772e-07, 4.20794890488e-07, 3.2120848914e-07, 2.89191831371e-07, 2.2293818347e-07, 1.75350351128e-07, 1.43000647768e-07, 1.10892102612e-07, 6.84848870947e-08, 4.55022615142e-08, 3.28097762292e-08, 2.71922964146e-08, 2.38871855629e-08, 1.82006125726e-08, 1.34595667944e-08, 1.04537170031e-08, 7.92963383844e-09, 3.68655572736e-09, 3.98827942893e-10, 8.04660418158e-12, 4.26064608941e-12],
        "stdev": [0.00728137325495, 0.0165128707886, 0.0129807088524, 0.00809500832111, 0.00535719050094, 0.00385138788261, 0.00274140643887, 0.00179126416333, 0.00114072894212, 0.000873212236911, 0.000674662936945, 0.000668220221996, 0.00057167513296, 0.000489022873808, 0.000417297909735, 0.000506092444994, 0.000821092922706, 0.000783881405368, 0.000593460863456, 0.000767456542235, 0.000907702371478, 0.000683994323481, 0.000595417863224, 0.000469474674901, 0.000349429581547, 0.000256784929661, 0.000244040915277, 0.000490280159283, 0.000451869826065, 0.000260379136307, 0.000247476622462, 0.000261560286162, 0.000308143353323, 0.000399501092033, 0.000384970422601, 0.000238845299464, 0.000219941168325, 0.000261915585725, 0.000256821862422, 0.000206355689443, 0.00017615564866, 0.000143750949064, 0.000161496180226, 0.000154207256855, 0.000145590034663, 0.000106367646367, 9.0902489319e-05, 0.000148751452798, 0.000192844701814, 0.000129882741021, 0.000151667991304, 0.000163772754604, 0.00016973928723, 0.000114583097456, 9.97061870294e-05, 9.43397244555e-05, 7.13063345756e-05, 6.04127017141e-05, 5.6529941503e-05, 4.73431027785e-05, 4.65902012365e-05, 4.27442209912e-05, 5.92663345742e-05, 7.37147711334e-05, 7.39267270546e-05, 7.91523780208e-05, 5.68978684896e-05, 3.81777826988e-05, 3.54093572241e-05, 2.02775590878e-05, 1.44656414705e-05, 1.69795785041e-05, 1.82935309567e-05, 2.24246887228e-05, 2.09402696782e-05, 2.29561355809e-05, 2.30806290347e-05, 2.43458543991e-05, 1.58232614922e-05, 1.48917160914e-05, 1.43616471178e-05, 1.43610459418e-05, 1.70374569279e-05, 1.33257417474e-05, 1.59755672939e-05, 1.59291121236e-05, 1.04721420939e-05, 1.15838429338e-05, 1.95346765395e-05, 1.11586996354e-05, 1.21847124319e-05, 7.19108811609e-06, 6.15712224317e-06, 5.35135723112e-06, 4.67962900075e-06, 4.61082663605e-06, 5.14170096722e-06, 3.38168615599e-06, 3.4500435504e-06, 2.29697184295e-06, 1.98313841793e-06, 2.02146475203e-06, 2.05611559068e-06, 1.82608982868e-06, 1.44992850437e-06, 1.14492752346e-06, 1.04080538676e-06, 9.64589503383e-07, 8.66825075718e-07, 6.70201131925e-07, 6.48538218684e-07, 5.09777123625e-07, 4.65109877723e-07, 3.51847006641e-07, 2.71970435506e-07, 1.78233364068e-07, 1.54824022047e-07, 1.25952709595e-07, 8.55024566704e-08, 7.42942205534e-08, 5.71346774336e-08, 4.32395559358e-08, 3.55291938092e-08, 2.58014196675e-08, 1.26669608136e-08, 1.4685259675e-09, 1.85532145203e-11, 8.58479346638e-12]
    },
    "mfcc": {
        "mean": [-684.60357666, 96.6443099976, -0.632329583168, 27.157913208, 11.9294233322, 7.79078483582, -3.8022480011, 10.5151500702, -1.34188592434, 2.82651567459, 3.16593670845, 2.34985136986, 3.49201416969],
        "cov": [[17002.3300781, -1403.76196289, 1017.89837646, 370.477722168, -222.220703125, 795.108276367, 238.340744019, 628.484863281, 369.415863037, 276.715087891, 231.337844849, 157.671157837, 318.94354248], [-1403.76196289, 2474.5690918, -376.591918945, 48.1173858643, 364.024475098, -133.759307861, 98.5066680908, 97.6499862671, 19.9029369354, 37.0974464417, 90.575668335, 38.4370040894, 58.6764373779], [1017.89837646, -376.591918945, 2064.99682617, 534.313171387, 344.392150879, 701.065185547, 304.792785645, 374.635650635, 168.775634766, 141.041107178, 96.0492935181, 150.159576416, 92.6753921509], [370.477722168, 48.1173858643, 534.313171387, 865.253540039, 328.119903564, 358.655609131, 162.476257324, 123.073860168, 170.730209351, 75.6609115601, 27.9534015656, 98.2901611328, 63.5339012146], [-222.220703125, 364.024475098, 344.392150879, 328.119903564, 703.998291016, 202.84274292, 11.8161201477, 43.6380462646, 94.0155563354, 100.180870056, 31.0676822662, 59.3360519409, 51.5284919739], [795.108276367, -133.759307861, 701.065185547, 358.655609131, 202.84274292, 590.904174805, 244.225784302, 186.63053894, 148.25769043, 108.648933411, 77.7377548218, 94.1337356567, 42.8188400269], [238.340744019, 98.5066680908, 304.792785645, 162.476257324, 11.8161201477, 244.225784302, 411.918060303, 183.58644104, 97.7415847778, 79.6026611328, 80.7870788574, 55.0404205322, 28.7903690338], [628.484863281, 97.6499862671, 374.635650635, 123.073860168, 43.6380462646, 186.63053894, 183.58644104, 341.532073975, 112.119010925, 55.4045906067, 67.1584472656, 59.3625602722, 59.3967018127], [369.415863037, 19.9029369354, 168.775634766, 170.730209351, 94.0155563354, 148.25769043, 97.7415847778, 112.119010925, 227.339523315, 73.4805984497, 43.1791801453, 42.2821617126, 36.1587638855], [276.715087891, 37.0974464417, 141.041107178, 75.6609115601, 100.180870056, 108.648933411, 79.6026611328, 55.4045906067, 73.4805984497, 205.258270264, 72.4484405518, 22.6323108673, 26.5567016602], [231.337844849, 90.575668335, 96.0492935181, 27.9534015656, 31.0676822662, 77.7377548218, 80.7870788574, 67.1584472656, 43.1791801453, 72.4484405518, 155.905166626, 53.0890541077, 21.2609939575], [157.671157837, 38.4370040894, 150.159576416, 98.2901611328, 59.3360519409, 94.1337356567, 55.0404205322, 59.3625602722, 42.2821617126, 22.6323108673, 53.0890541077, 140.630966187, 50.2961883545], [318.94354248, 58.6764373779, 92.6753921509, 63.5339012146, 51.5284919739, 42.8188400269, 28.7903690338, 59.3967018127, 36.1587638855, 26.5567016602, 21.2609939575, 50.2961883545, 132.356185913]],
        "icov": [[7.37990631023e-05, 3.99501695938e-05, 1.61537100212e-05, -5.17193575433e-06, 4.86949393235e-05, -9.05395645532e-05, 7.14134584996e-05, -0.000111738183477, -2.6764577342e-05, -4.31541375292e-05, -6.22716834187e-05, 4.42223572463e-05, -0.000150263440446], [3.99501695938e-05, 0.000558516883757, 0.00018093084509, -1.45554813571e-05, -0.000392185756937, 0.000207299293834, -0.000217740074731, -0.000329630041961, 0.000107791107439, 7.27362203179e-05, -0.00030403866549, 5.65996697333e-06, -0.00018001619901], [1.61537100212e-05, 0.00018093084509, 0.000973964633886, -0.000137132417876, -0.000245768635068, -0.000809349876363, 3.32470262947e-05, -0.000717058195733, 0.000362752412912, -5.5170206906e-05, 3.03411816276e-05, -0.000153184329974, -9.78973766905e-05], [-5.17193575433e-06, -1.45554813571e-05, -0.000137132417876, 0.00188954104669, -0.00054585566977, -0.000585587054957, -0.000265035632765, 0.000244624447078, -0.000745615572669, 0.000185968747246, 0.000499758345541, -0.000473009684356, -0.000176407178515], [4.86949393235e-05, -0.000392185756937, -0.000245768635068, -0.00054585566977, 0.00229938910343, -0.000512491620611, 0.00077848410001, 0.000308204675093, -0.000269209383987, -0.0007771049859, 0.000184036340215, -0.000121434335597, -0.000300358136883], [-9.05395645532e-05, 0.000207299293834, -0.000809349876363, -0.000585587054957, -0.000512491620611, 0.00421376852319, -0.00135730649345, 2.03421495826e-06, -0.000619056110736, -0.000303994049318, -0.000227252676268, -0.000656885094941, 0.000620964216068], [7.14134584996e-05, -0.000217740074731, 3.32470262947e-05, -0.000265035632765, 0.00077848410001, -0.00135730649345, 0.00419148476794, -0.00134649884421, -0.000190890117665, -0.000605695066042, -0.000711006694473, 1.00081842902e-05, 0.000141022857861], [-0.000111738183477, -0.000329630041961, -0.000717058195733, 0.000244624447078, 0.000308204675093, 2.03421495826e-06, -0.00134649884421, 0.00531548820436, -0.00146633759141, 0.00038820473128, -0.000498965848237, -0.000127354971482, -0.000961857615039], [-2.6764577342e-05, 0.000107791107439, 0.000362752412912, -0.000745615572669, -0.000269209383987, -0.000619056110736, -0.000190890117665, -0.00146633759141, 0.00657398672774, -0.00127310235985, -0.000118286152428, -0.000265362352366, -0.000295417790767], [-4.31541375292e-05, 7.27362203179e-05, -5.5170206906e-05, 0.000185968747246, -0.0007771049859, -0.000303994049318, -0.000605695066042, 0.00038820473128, -0.00127310235985, 0.00691696396098, -0.00266171083786, 0.00106437352952, -0.000637431454379], [-6.22716834187e-05, -0.00030403866549, 3.03411816276e-05, 0.000499758345541, 0.000184036340215, -0.000227252676268, -0.000711006694473, -0.000498965848237, -0.000118286152428, -0.00266171083786, 0.00943726394325, -0.00297311344184, 0.000584379478823], [4.42223572463e-05, 5.65996697333e-06, -0.000153184329974, -0.000473009684356, -0.000121434335597, -0.000656885094941, 1.00081842902e-05, -0.000127354971482, -0.000265362352366, 0.00106437352952, -0.00297311344184, 0.0101979775354, -0.00299877487123], [-0.000150263440446, -0.00018001619901, -9.78973766905e-05, -0.000176407178515, -0.000300358136883, 0.000620964216068, 0.000141022857861, -0.000961857615039, -0.000295417790767, -0.000637431454379, 0.000584379478823, -0.00299877487123, 0.00972179975361]]
    },
    "spectral_contrast_coeffs": {
        "mean": [-0.737524807453, -0.750980079174, -0.775932013988, -0.776078522205, -0.760651946068, -0.759572088718],
        "stdev": [0.100852735341, 0.0946819484234, 0.0844689533114, 0.0716143622994, 0.0645801797509, 0.0616142787039]
    },
    "spectral_contrast_valleys": {
        "mean": [-7.41900491714, -7.51786375046, -8.16567993164, -8.09707450867, -8.0422706604, -10.4484405518],
        "stdev": [2.03074645996, 1.46244776249, 1.4931371212, 1.46857893467, 1.55771160126, 1.86338281631]
    }
},
"rhythm": {
    "beats_count": 360,
    "beats_loudness": {
        "mean": 0.0558078289032,
        "stdev": 0.0343885570765
    },
    "bpm": 144.864151001,
    "bpm_histogram_first_peak_bpm": 144,
    "bpm_histogram_first_peak_weight": 0.324786305428,
    "bpm_histogram_second_peak_bpm": 152,
    "bpm_histogram_second_peak_spread": 0,
    "bpm_histogram_second_peak_weight": 0.0222841221839,
    "danceability": 1.12942898273,
    "onset_rate": 5.01783514023,
    "beats_loudness_band_ratio": {
        "mean": [0.442005425692, 0.0668214187026, 0.128068655729, 0.122291296721, 0.171104595065, 0.0980711430311],
        "stdev": [0.365984737873, 0.104501619935, 0.153906926513, 0.175089001656, 0.1974889189, 0.121854744852]
    },
    "beats_position": [0.417959183455, 0.835918366909, 1.25387752056, 1.67183673382, 2.08979582787, 2.50775504112, 2.92571425438, 3.33206343651, 3.75002264977, 4.15637159348, 4.57433080673, 4.99229001999, 5.41024923325, 5.8282084465, 6.24616765976, 6.66412687302, 7.08208608627, 7.50004529953, 7.91800451279, 8.33596324921, 8.74231243134, 9.14866161346, 9.56662082672, 9.98458003998, 10.4025392532, 10.8088884354, 11.2268476486, 11.6331968307, 12.051156044, 12.4691152573, 12.8754644394, 13.2702035904, 13.6765527725, 14.0945119858, 14.4892511368, 14.90721035, 15.3251695633, 15.7431287766, 16.1494789124, 16.5558280945, 16.9737873077, 17.391746521, 17.8097057343, 18.2276649475, 18.6340141296, 19.0519733429, 19.458322525, 19.8762817383, 20.2942390442, 20.7121982574, 21.1185474396, 21.5248966217, 21.942855835, 22.3608150482, 22.7671642303, 23.1735134125, 23.5914726257, 24.009431839, 24.4273910522, 24.8453502655, 25.2633094788, 25.6696586609, 26.076007843, 26.4939670563, 26.9119262695, 27.3298854828, 27.7362346649, 28.142583847, 28.5605430603, 28.9785022736, 29.3964614868, 29.8144207001, 30.2323799133, 30.6387290955, 31.0450782776, 31.4630374908, 31.8809967041, 32.2989578247, 32.7053070068, 33.111656189, 33.5296134949, 33.9475746155, 34.3539237976, 34.7602729797, 35.1782302856, 35.5961914062, 36.0141487122, 36.4321098328, 36.8384590149, 37.2564163208, 37.6627655029, 38.0807266235, 38.4986839294, 38.91664505, 39.334602356, 39.7409515381, 40.1473007202, 40.5652618408, 40.9716110229, 41.3779602051, 41.795917511, 42.2138786316, 42.6318359375, 43.0497932434, 43.467754364, 43.8857116699, 44.2920608521, 44.6984100342, 45.1163711548, 45.5227203369, 45.929069519, 46.347026825, 46.7649879456, 47.1829452515, 47.6009063721, 48.018863678, 48.4252128601, 48.8431739807, 49.2495231628, 49.6674804688, 50.0854415894, 50.5033988953, 50.9097480774, 51.3160972595, 51.7340583801, 52.152015686, 52.5583648682, 52.9763259888, 53.3942832947, 53.8006324768, 54.2069816589, 54.6249427795, 55.0429000854, 55.4608612061, 55.8672103882, 56.2851676941, 56.7031288147, 57.1210861206, 57.5390472412, 57.9453964233, 58.3517456055, 58.7697029114, 59.187664032, 59.6056213379, 60.0235824585, 60.4415397644, 60.8478889465, 61.2542381287, 61.6721992493, 62.0901565552, 62.4848976135, 62.9028549194, 63.32081604, 63.7387733459, 64.1567306519, 64.5746917725, 64.9810409546, 65.3873901367, 65.8053512573, 66.200088501, 66.5948257446, 67.0127868652, 67.4307479858, 67.8487091064, 68.2666625977, 68.6730117798, 69.0909729004, 69.4973220825, 69.9152832031, 70.3332443237, 70.7511978149, 71.1691589355, 71.5755081177, 71.9934692383, 72.4114303589, 72.817779541, 73.2241287231, 73.6420822144, 74.0484313965, 74.4663925171, 74.8843536377, 75.3023147583, 75.7202682495, 76.1382293701, 76.5445785522, 76.9509277344, 77.368888855, 77.7868499756, 78.2048034668, 78.6227645874, 79.040725708, 79.4586868286, 79.8650360107, 80.2946014404, 80.6893386841, 81.1072998047, 81.5252609253, 81.9432220459, 82.3611755371, 82.7791366577, 83.1854858398, 83.6034469604, 84.0097961426, 84.4277572632, 84.8457107544, 85.263671875, 85.6700210571, 86.0763702393, 86.4943313599, 86.9122848511, 87.3070297241, 87.7249908447, 88.1429443359, 88.5609054565, 88.9788665771, 89.3968200684, 89.814781189, 90.2327423096, 90.6390914917, 91.0454406738, 91.4634017944, 91.8813552856, 92.2877044678, 92.7056655884, 93.1120147705, 93.5299758911, 93.9479370117, 94.3658905029, 94.7722396851, 95.1785888672, 95.5965499878, 96.0145111084, 96.432472229, 96.8504257202, 97.2567749023, 97.6631240845, 98.0810852051, 98.4990463257, 98.9170074463, 99.3233566284, 99.7297058105, 100.147659302, 100.565620422, 100.983581543, 101.401542664, 101.819496155, 102.225845337, 102.632194519, 103.05015564, 103.46811676, 103.874465942, 104.280815125, 104.698776245, 105.116729736, 105.534690857, 105.941040039, 106.347389221, 106.765350342, 107.183311462, 107.601264954, 108.019226074, 108.437187195, 108.843536377, 109.249885559, 109.66784668, 110.085800171, 110.492149353, 110.898498535, 111.316459656, 111.734420776, 112.152381897, 112.570335388, 112.97668457, 113.394645691, 113.800994873, 114.218955994, 114.636917114, 115.054870605, 115.461219788, 115.86756897, 116.28553009, 116.703491211, 117.121452332, 117.527801514, 117.934150696, 118.352104187, 118.770065308, 119.188026428, 119.59437561, 120.012336731, 120.418685913, 120.836639404, 121.254600525, 121.672561646, 122.090522766, 122.496871948, 122.90322113, 123.321174622, 123.727523804, 124.145484924, 124.563446045, 124.969795227, 125.387756348, 125.805709839, 126.223670959, 126.64163208, 127.047981262, 127.454330444, 127.872291565, 128.290252686, 128.708206177, 129.126159668, 129.532516479, 129.938858032, 130.356826782, 130.774780273, 131.181137085, 131.587478638, 132.005432129, 132.400177002, 132.806533813, 133.224487305, 133.630844116, 134.048797607, 134.466751099, 134.87310791, 135.291061401, 135.697418213, 136.115371704, 136.533325195, 136.951293945, 137.369247437, 137.775604248, 138.193557739, 138.61151123, 139.017868042, 139.435821533, 139.853790283, 140.260131836, 140.666488647, 141.084442139, 141.50239563, 141.92036438, 142.338317871, 142.744674683, 143.151016235, 143.568969727, 143.986938477, 144.404891968, 144.822860718, 145.240814209, 145.6587677, 146.07673645, 146.483078003, 146.889434814, 147.307388306, 147.725341797, 148.143310547, 148.561264038, 148.979232788],
    "bpm_histogram": [0, 0, 0, 0, 0, 0, 0, 0, 0, 0, 0, 0, 0, 0, 0, 0, 0, 0, 0, 0, 0, 0, 0, 0, 0, 0, 0, 0, 0, 0, 0, 0, 0, 0, 0, 0, 0, 0, 0, 0, 0, 0, 0, 0, 0, 0, 0, 0, 0, 0, 0, 0, 0, 0, 0, 0, 0, 0, 0, 0, 0, 0, 0, 0, 0, 0, 0, 0, 0, 0, 0, 0, 0, 0, 0, 0, 0, 0, 0, 0, 0, 0, 0, 0, 0, 0, 0, 0, 0, 0, 0, 0, 0, 0, 0, 0, 0, 0, 0, 0, 0, 0, 0, 0, 0, 0, 0, 0, 0, 0, 0, 0, 0, 0, 0, 0, 0, 0, 0, 0, 0, 0, 0, 0, 0, 0, 0, 0, 0, 0, 0, 0, 0, 0, 0, 0, 0, 0, 0, 0, 0.00278551527299, 0, 0, 0, 0.66016715765, 0, 0, 0, 0.314763218164, 0, 0, 0, 0.0222841221839, 0, 0, 0, 0, 0, 0, 0, 0, 0, 0, 0, 0, 0, 0, 0, 0, 0, 0, 0, 0, 0, 0, 0, 0, 0, 0, 0, 0, 0, 0, 0, 0, 0, 0, 0, 0, 0, 0, 0, 0, 0, 0, 0, 0, 0, 0, 0, 0, 0, 0, 0, 0, 0, 0, 0, 0, 0, 0, 0, 0, 0, 0, 0, 0, 0, 0, 0, 0, 0, 0, 0, 0, 0, 0, 0, 0, 0, 0, 0, 0, 0, 0, 0, 0, 0, 0, 0, 0, 0, 0, 0, 0, 0, 0, 0, 0, 0]
},
"tonal": {
    "chords_changes_rate": 0.0748447179794,
    "chords_number_rate": 0.00310559011996,
    "chords_strength": {
        "mean": 0.575216650963,
        "stdev": 0.100971721113
    },
    "hpcp_crest": {
        "mean": 13.1207799911,
        "stdev": 6.4784283638
    },
    "hpcp_entropy": {
        "mean": 2.04381608963,
        "stdev": 0.795180737972
    },
    "key_edma": {
        "strength": 0.65592032671,
        "key": "F",
        "scale": "minor"
    },
    "key_krumhansl": {
        "strength": 0.677726686001,
        "key": "F",
        "scale": "minor"
    },
    "key_temperley": {
        "strength": 0.684212267399,
        "key": "F",
        "scale": "minor"
    },
    "tuning_diatonic_strength": 0.555719614029,
    "tuning_equal_tempered_deviation": 0.197655439377,
    "tuning_frequency": 434.193115234,
    "tuning_nontempered_energy_ratio": 0.911875247955,
    "hpcp": {
        "mean": [0.0915348976851, 0.0643803328276, 0.0501509606838, 0.0590096190572, 0.0764484032989, 0.080251544714, 0.0685657635331, 0.062145717442, 0.0735767260194, 0.124107889831, 0.134222134948, 0.10354975611, 0.107193380594, 0.0931334868073, 0.064080491662, 0.0562718473375, 0.0584251731634, 0.0661437734962, 0.0832462310791, 0.0857417732477, 0.0711854845285, 0.0634534433484, 0.0669042468071, 0.123328268528, 0.45381629467, 0.468334197998, 0.134709566832, 0.0607739277184, 0.0586761943996, 0.0631771013141, 0.0737299025059, 0.0823523029685, 0.0891857519746, 0.116018801928, 0.122840926051, 0.10631916672],
        "stdev": [0.212255656719, 0.171591937542, 0.148564934731, 0.160168677568, 0.192472413182, 0.203435152769, 0.17721170187, 0.166036933661, 0.175566330552, 0.22851882875, 0.232824012637, 0.210616320372, 0.23527482152, 0.212588608265, 0.158185333014, 0.142941981554, 0.139431163669, 0.154505029321, 0.18249797821, 0.182455271482, 0.163773700595, 0.151433587074, 0.159605309367, 0.218787744641, 0.410857260227, 0.43047940731, 0.208783298731, 0.156287640333, 0.158817142248, 0.167967408895, 0.180550992489, 0.191487267613, 0.197827547789, 0.227042779326, 0.240537658334, 0.216653615236]
    },
    "chords_histogram": [54.0993804932, 3.54037261009, 1.30434787273, 0, 0, 2.98136639595, 1.52173912525, 9.7826089859, 0.496894419193, 0.248447209597, 1.24223601818, 0, 0.590062141418, 0, 0, 0.155279502273, 0, 1.52173912525, 0, 0.155279502273, 0.310559004545, 0, 3.2919254303, 18.7577648163],
    "thpcp": [1, 0.287635564804, 0.129766151309, 0.125287011266, 0.134897470474, 0.157430112362, 0.175840884447, 0.19043186307, 0.247726514935, 0.262293308973, 0.227015599608, 0.195447817445, 0.137466654181, 0.107083700597, 0.125998958945, 0.163234725595, 0.171355292201, 0.146403491497, 0.132695242763, 0.157103046775, 0.264998555183, 0.286594778299, 0.221102267504, 0.228882238269, 0.198861166835, 0.136826425791, 0.120153188705, 0.124751031399, 0.141231998801, 0.177749633789, 0.183078184724, 0.151997193694, 0.135487526655, 0.142855778337, 0.263333886862, 0.969000995159],
    "chords_key": "F",
    "chords_scale": "minor"
}
}