{
"metadata": {
    "version": {
        "essentia": "2.1-beta6-dev",
        "essentia_git_sha": "v2.1_beta5-1177-g1d1cc983",
        "extractor": "music 2.0"
    },
    "audio_properties": {
        "analysis": {
            "equal_loudness": 0,
            "length": 228.733306885,
            "sample_rate": 44100,
            "start_time": 0,
            "downmix": "mix"
        },
        "bit_rate": 1536000,
        "length": 228.733337402,
        "lossless": 1,
        "number_channels": 2,
        "replay_gain": -6.91115951538,
        "sample_rate": 48000,
        "codec": "pcm_s16le",
        "md5_encoded": "9f9748e9d537af3de3769e5b02956c61"
    },
    "tags": {
        "file_name": "Owen Wilson - Dont Give Up On Us.wav",
        "album": ["Seattle"],
        "artist": ["Knowmads"],
        "audiosourcewebpage": [""],
        "composer": ["KnowMads"],
        "copyright": ["2009 KnowMads"],
        "date": ["2009-12-31"],
        "isrc": ["usx9p0913956"],
        "title": ["The Boat Can Leave Now"],
        "tracknumber": ["1\/22"]
    }
},
"lowlevel": {
    "average_loudness": 0.849942028522,
    "barkbands_crest": {
        "mean": 10.4406394958,
        "stdev": 4.00325727463
    },
    "barkbands_flatness_db": {
        "mean": 0.148597747087,
        "stdev": 0.0588100701571
    },
    "barkbands_kurtosis": {
        "mean": 4.60366249084,
        "stdev": 38.0665206909
    },
    "barkbands_skewness": {
        "mean": 0.985645055771,
        "stdev": 1.54728841782
    },
    "barkbands_spread": {
        "mean": 26.6173458099,
        "stdev": 15.2185468674
    },
    "dissonance": {
        "mean": 0.460771083832,
        "stdev": 0.0335481017828
    },
    "dynamic_complexity": 5.71810674667,
    "erbbands_crest": {
        "mean": 11.5169296265,
        "stdev": 5.21199226379
    },
    "erbbands_flatness_db": {
        "mean": 0.18602822721,
        "stdev": 0.0643391609192
    },
    "erbbands_kurtosis": {
        "mean": 1.63354814053,
        "stdev": 2.78135848045
    },
    "erbbands_skewness": {
        "mean": 0.0753318369389,
        "stdev": 0.769509553909
    },
    "erbbands_spread": {
        "mean": 24.5178775787,
        "stdev": 15.7517681122
    },
    "hfc": {
        "mean": 22.028886795,
        "stdev": 21.2996101379
    },
    "loudness_ebu128": {
        "integrated": -16.4809875488,
        "loudness_range": 9.1984205246,
        "momentary": {
            "mean": -20.8033123016,
            "stdev": 14.3343458176
        },
        "short_term": {
            "mean": -19.4621295929,
            "stdev": 8.26094150543
        }
    },
    "melbands_crest": {
        "mean": 17.0005970001,
        "stdev": 6.3066534996
    },
    "melbands_flatness_db": {
        "mean": 0.231033012271,
        "stdev": 0.0686481818557
    },
    "melbands_kurtosis": {
        "mean": 10.3854389191,
        "stdev": 52.9406929016
    },
    "melbands_skewness": {
        "mean": 1.87465977669,
        "stdev": 1.89709579945
    },
    "melbands_spread": {
        "mean": 29.6797008514,
        "stdev": 16.1723613739
    },
    "pitch_salience": {
        "mean": 0.47110337019,
        "stdev": 0.11554261297
    },
    "silence_rate_20dB": {
        "mean": 1,
        "stdev": 0
    },
    "silence_rate_30dB": {
        "mean": 0.991879820824,
        "stdev": 0.0897478014231
    },
    "silence_rate_60dB": {
        "mean": 0.143625661731,
        "stdev": 0.350713551044
    },
    "spectral_centroid": {
        "mean": 1472.57092285,
        "stdev": 743.523254395
    },
    "spectral_complexity": {
        "mean": 17.1327648163,
        "stdev": 10.7424545288
    },
    "spectral_decrease": {
        "mean": -7.03368474575e-09,
        "stdev": 6.10325701089e-09
    },
    "spectral_energy": {
        "mean": 0.0285448543727,
        "stdev": 0.0243911407888
    },
    "spectral_energyband_high": {
        "mean": 0.000630186928902,
        "stdev": 0.00137681467459
    },
    "spectral_energyband_low": {
        "mean": 0.0125316092744,
        "stdev": 0.0151105988771
    },
    "spectral_energyband_middle_high": {
        "mean": 0.00827426929027,
        "stdev": 0.00882783997804
    },
    "spectral_energyband_middle_low": {
        "mean": 0.00740431435406,
        "stdev": 0.00987577624619
    },
    "spectral_entropy": {
        "mean": 7.41351604462,
        "stdev": 0.540400803089
    },
    "spectral_flux": {
        "mean": 0.0838174596429,
        "stdev": 0.0605990961194
    },
    "spectral_kurtosis": {
        "mean": 8.99552822113,
        "stdev": 7.19699716568
    },
    "spectral_rms": {
        "mean": 0.00468118395656,
        "stdev": 0.00243624066934
    },
    "spectral_rolloff": {
        "mean": 1550.47021484,
        "stdev": 1541.75805664
    },
    "spectral_skewness": {
        "mean": 2.01855301857,
        "stdev": 0.681979417801
    },
    "spectral_spread": {
        "mean": 4141086.25,
        "stdev": 2903529.25
    },
    "spectral_strongpeak": {
        "mean": 0.743196845055,
        "stdev": 1.21465134621
    },
    "zerocrossingrate": {
        "mean": 0.0578613765538,
        "stdev": 0.0398108661175
    },
    "barkbands": {
        "mean": [0.00195591873489, 0.00934306532145, 0.00108444399666, 0.000562039145734, 0.00194667675532, 0.000535804487299, 0.00175571965519, 0.00111106946133, 0.00121329410467, 0.000893363147043, 0.00106463464908, 0.00144088605884, 0.00207183649763, 0.000559366657399, 0.000409092055634, 0.000501686125062, 0.000572967051994, 0.000515158986673, 0.000287442933768, 0.000147011101944, 9.0690991783e-05, 9.2474037956e-05, 0.000106634739495, 0.000110918292194, 8.31439465401e-05, 6.96461065672e-05, 1.98203233595e-05],
        "stdev": [0.00171265180688, 0.0128089701757, 0.00337090343237, 0.00208593392745, 0.00471016159281, 0.00132021238096, 0.0042738635093, 0.00333050475456, 0.0032849824056, 0.00253347726539, 0.00212886021473, 0.00277870870195, 0.00307706254534, 0.00121783348732, 0.000950729299802, 0.000856826722156, 0.000902011059225, 0.000904467073269, 0.000649498950224, 0.000310113013256, 0.000220711925067, 0.000227497002925, 0.000329854781739, 0.000399595854105, 0.000289829622488, 0.000132141867653, 4.43095887022e-05]
    },
    "erbbands": {
        "mean": [0.402612954378, 1.50934875011, 1.77002942562, 1.63247144222, 4.27248382568, 7.14229488373, 4.33941841125, 5.05700111389, 18.4218902588, 31.7213439941, 21.3082771301, 28.8265800476, 28.636505127, 28.9194202423, 47.6560554504, 65.7160797119, 110.793518066, 40.0527191162, 24.3127708435, 25.8797206879, 24.0836143494, 34.9935531616, 30.0183029175, 15.0968618393, 13.8573875427, 7.11117744446, 3.67417812347, 3.79753041267, 3.35643625259, 3.00530004501, 3.04614853859, 2.62082362175, 1.67386937141, 1.12586414814, 0.477593690157, 0.278867334127, 0.131349742413, 0.0266720913351, 0.0034763480071, 0.000233960425248],
        "stdev": [0.470662146807, 2.72996330261, 4.2637925148, 5.64201307297, 11.7844409943, 17.6108150482, 12.3635416031, 12.3081998825, 46.5819740295, 82.5531311035, 57.5890159607, 79.3321304321, 73.8628997803, 86.8963088989, 96.6472549438, 113.746452332, 153.195098877, 68.1234436035, 53.4424476624, 44.6435699463, 40.4767036438, 51.331741333, 50.572101593, 31.531999588, 29.9064331055, 15.1183395386, 8.85903549194, 9.01462459564, 8.34814834595, 8.09009170532, 9.67723560333, 9.56578350067, 6.17722654343, 4.02917480469, 1.58878958225, 0.619471669197, 0.242985218763, 0.0578926019371, 0.00764981005341, 0.000490695878398]
    },
    "gfcc": {
        "mean": [-50.9011383057, 99.4650268555, -119.757804871, 13.7477827072, -28.376373291, 20.6550445557, -24.8635559082, 13.2338075638, -15.3680868149, 4.07550525665, -0.867296218872, 7.92132568359, -15.8868188858],
        "cov": [[31085.5039062, -2631.81396484, -561.254394531, 476.715454102, 65.8395996094, 1046.50671387, -461.207641602, 654.987121582, -82.0228118896, 935.753417969, 2.07436776161, 789.300415039, -123.782981873], [-2631.81396484, 2399.29052734, -1049.95629883, -261.005493164, 4.40445375443, -496.539031982, 88.4308242798, -196.605773926, 52.3423957825, -387.206817627, 154.413650513, -271.896881104, 83.3077468872], [-561.254394531, -1049.95629883, 1157.19006348, 88.4183044434, 43.4267539978, 237.223205566, -36.8028373718, 61.3889389038, -29.1913166046, 168.917327881, -120.562705994, 145.848022461, -80.1189193726], [476.715454102, -261.005493164, 88.4183044434, 501.852386475, 27.7869911194, 73.8583221436, -40.0785827637, -68.5172576904, 3.92908191681, 62.1049690247, -8.59219837189, 24.2084102631, 35.5795326233], [65.8395996094, 4.40445375443, 43.4267539978, 27.7869911194, 421.472137451, 90.5132751465, -10.4837179184, 46.3299331665, 38.0427932739, 33.4817848206, 56.7715034485, 84.2336273193, -15.0172586441], [1046.50671387, -496.539031982, 237.223205566, 73.8583221436, 90.5132751465, 397.187286377, 22.7629203796, 76.5102233887, 9.10205936432, 85.2388534546, -16.6158866882, 110.589065552, 2.34201002121], [-461.207641602, 88.4308242798, -36.8028373718, -40.0785827637, -10.4837179184, 22.7629203796, 229.028808594, 36.8868026733, 21.9752235413, -3.08528232574, -23.4784183502, -26.2031288147, 31.7873153687], [654.987121582, -196.605773926, 61.3889389038, -68.5172576904, 46.3299331665, 76.5102233887, 36.8868026733, 220.340621948, 41.4541244507, 64.6313781738, -4.35556411743, 33.2461357117, -7.57003593445], [-82.0228118896, 52.3423957825, -29.1913166046, 3.92908191681, 38.0427932739, 9.10205936432, 21.9752235413, 41.4541244507, 150.248001099, 47.6654777527, 14.1432561874, 4.91984462738, 18.371925354], [935.753417969, -387.206817627, 168.917327881, 62.1049690247, 33.4817848206, 85.2388534546, -3.08528232574, 64.6313781738, 47.6654777527, 200.080886841, -8.89572715759, 50.6505737305, -15.8370695114], [2.07436776161, 154.413650513, -120.562705994, -8.59219837189, 56.7715034485, -16.6158866882, -23.4784183502, -4.35556411743, 14.1432561874, -8.89572715759, 135.765609741, 14.5874938965, -18.6174087524], [789.300415039, -271.896881104, 145.848022461, 24.2084102631, 84.2336273193, 110.589065552, -26.2031288147, 33.2461357117, 4.91984462738, 50.6505737305, 14.5874938965, 152.767196655, -0.561368763447], [-123.782981873, 83.3077468872, -80.1189193726, 35.5795326233, -15.0172586441, 2.34201002121, 31.7873153687, -7.57003593445, 18.371925354, -15.8370695114, -18.6174087524, -0.561368763447, 99.9924087524]],
        "icov": [[6.11172290519e-05, 7.98858218332e-06, 0.000174361644895, -4.35228685092e-05, 7.11282846169e-05, -0.000100254714198, 0.000116228758998, -0.000129446576466, 0.000135955022415, -0.000266199058387, 0.000137719078339, -0.000308388756821, 0.000147247876157], [7.98858218332e-06, 0.00132706179284, 0.000565196038224, 0.000373889080947, -0.000463563366793, 0.000668556371238, -0.000335990655003, 0.000597037898842, -0.000742409436498, 0.00140116061084, -0.000744857476093, 0.000934563751798, -0.000484295538627], [0.000174361644895, 0.000565196038224, 0.00213064928539, -9.14685151656e-05, 3.35376389557e-05, -0.000384387589293, 0.000246203446295, -6.15540702711e-05, 0.000294352852507, -0.000821581983473, 0.00150025065523, -0.00147400412243, 0.00150264741387], [-4.35228685092e-05, 0.000373889080947, -9.14685151656e-05, 0.00261218287051, -0.000373720715288, -0.000193787855096, 0.000267517694738, 0.00137661641929, -0.000234158113017, -0.000392119662138, -0.00041230986244, 0.000827789888717, -0.00149175757542], [7.11282846169e-05, -0.000463563366793, 3.35376389557e-05, -0.000373720715288, 0.00317845446989, -0.00066243839683, 0.000193699350348, -0.000698835414369, -0.000188314108527, -0.000569212599657, -0.000553810445126, -0.00200228393078, 0.000842593086418], [-0.000100254714198, 0.000668556371238, -0.000384387589293, -0.000193787855096, -0.00066243839683, 0.00422510923818, -0.000962094112765, -0.000289083429379, -0.000306589354295, 0.000759034301154, -0.000417833565734, -0.000894467055332, -0.000740900402889], [0.000116228758998, -0.000335990655003, 0.000246203446295, 0.000267517694738, 0.000193699350348, -0.000962094112765, 0.00540223205462, -0.0010893130675, 3.63374128938e-05, -0.00084018468624, 0.00104961695615, 0.000450263789389, -0.00116409943439], [-0.000129446576466, 0.000597037898842, -6.15540702711e-05, 0.00137661641929, -0.000698835414369, -0.000289083429379, -0.0010893130675, 0.00661871209741, -0.00164599774871, -0.000360377656762, -0.000331358751282, 0.000742574105971, -0.000259808439296], [0.000135955022415, -0.000742409436498, 0.000294352852507, -0.000234158113017, -0.000188314108527, -0.000306589354295, 3.63374128938e-05, -0.00164599774871, 0.00891564134508, -0.00362534169108, -0.000191662271391, -0.000649097259156, -0.00130288221408], [-0.000266199058387, 0.00140116061084, -0.000821581983473, -0.000392119662138, -0.000569212599657, 0.000759034301154, -0.00084018468624, -0.000360377656762, -0.00362534169108, 0.0101408977062, -0.00124301121105, 0.00128819327801, 0.000168915794347], [0.000137719078339, -0.000744857476093, 0.00150025065523, -0.00041230986244, -0.000553810445126, -0.000417833565734, 0.00104961695615, -0.000331358751282, -0.000191662271391, -0.00124301121105, 0.0106235807762, -0.00312748597935, 0.00350646930747], [-0.000308388756821, 0.000934563751798, -0.00147400412243, 0.000827789888717, -0.00200228393078, -0.000894467055332, 0.000450263789389, 0.000742574105971, -0.000649097259156, 0.00128819327801, -0.00312748597935, 0.0126265501603, -0.00319078378379], [0.000147247876157, -0.000484295538627, 0.00150264741387, -0.00149175757542, 0.000842593086418, -0.000740900402889, -0.00116409943439, -0.000259808439296, -0.00130288221408, 0.000168915794347, 0.00350646930747, -0.00319078378379, 0.0137167023495]]
    },
    "melbands": {
        "mean": [0.00308289122768, 0.00127514335327, 0.000343017076375, 0.000446119782282, 0.000182915231562, 0.000115689494123, 0.000308264512569, 0.000332164403517, 0.000168825907167, 0.00018181699852, 0.000140582938911, 0.000111111796286, 0.000153512315592, 0.000135385882459, 0.000202157360036, 0.000223381706746, 5.67428360227e-05, 3.85262246709e-05, 3.21918305417e-05, 3.98705815314e-05, 2.51088385994e-05, 3.92899382859e-05, 3.22184787365e-05, 1.91106555576e-05, 1.12658690341e-05, 1.16707178677e-05, 7.42183874536e-06, 4.04374077334e-06, 2.10086250263e-06, 2.26243332691e-06, 2.2091851406e-06, 2.02951969186e-06, 1.54217525505e-06, 1.70703879121e-06, 1.67773885096e-06, 1.78972004505e-06, 1.55594409534e-06, 1.17166553082e-06, 1.09531060843e-06, 8.95938057965e-07],
        "stdev": [0.00380480615422, 0.0024359873496, 0.000972567941062, 0.00112137827091, 0.000473219610285, 0.000282054068521, 0.000757363333832, 0.000876119884197, 0.000465130229713, 0.000508311029989, 0.000376174837584, 0.000359977770131, 0.000304077460896, 0.000306079571601, 0.00030212913407, 0.000320094928611, 0.000124753234559, 9.29839225137e-05, 7.15349742677e-05, 6.86945350026e-05, 4.72942047054e-05, 5.96168392804e-05, 5.67038550798e-05, 3.79554294341e-05, 2.55577015196e-05, 2.7923275411e-05, 1.52196689669e-05, 9.40233803703e-06, 5.09214123667e-06, 6.20024502496e-06, 5.27726115251e-06, 5.23666631125e-06, 3.94355402022e-06, 4.99401039633e-06, 5.31695604877e-06, 6.41666838419e-06, 5.83376959185e-06, 4.6320533329e-06, 4.00660019295e-06, 3.31160845235e-06]
    },
    "melbands128": {
        "mean": [0.00179995200597, 0.00388783984818, 0.0031563162338, 0.00243977201171, 0.00120658043306, 0.000458882044768, 0.000313530414132, 0.000267654279014, 0.000427653081715, 0.000561974535231, 0.000398000527639, 0.000237061729422, 0.000139669369673, 8.74040415511e-05, 9.24111955101e-05, 0.000125254955492, 0.000219176348764, 0.000346047891071, 0.000422483979492, 0.000387500826037, 0.000285163812805, 0.000160004361533, 0.000157520422363, 0.00016197678633, 0.000204654570553, 0.000184927295777, 0.000139562878758, 0.000143391574966, 0.000138734656502, 0.000106725769001, 0.00011281445768, 9.273084288e-05, 0.000188977719517, 0.000177940004505, 8.3661339886e-05, 9.85493024928e-05, 0.000254101323662, 0.000184337244718, 0.0001114329134, 0.000443963770522, 0.000177240610356, 6.12141739111e-05, 5.95955207245e-05, 5.27249358129e-05, 4.52876010968e-05, 3.13526797981e-05, 3.65043742931e-05, 3.91620123992e-05, 2.39495948335e-05, 3.15828183375e-05, 6.10460192547e-05, 2.17619872274e-05, 2.03574363695e-05, 2.5945233574e-05, 3.61717793567e-05, 5.58414394618e-05, 2.3938702725e-05, 2.18909772229e-05, 5.03302071593e-05, 2.59212210949e-05, 1.52747597895e-05, 1.39248750202e-05, 1.16460678328e-05, 9.3423650469e-06, 1.26051163534e-05, 1.2377130588e-05, 1.14470494736e-05, 8.17530326458e-06, 6.88111185809e-06, 5.71568079977e-06, 4.5012902774e-06, 2.77510548585e-06, 2.29366787607e-06, 1.78274365226e-06, 2.08152255254e-06, 2.63868651018e-06, 2.08655023926e-06, 2.15404338633e-06, 2.20238871407e-06, 2.25599706027e-06, 2.31158605857e-06, 1.87643672689e-06, 1.51651659053e-06, 1.42474539189e-06, 1.64332266195e-06, 1.7284301066e-06, 1.82309042884e-06, 1.48757021634e-06, 1.55419536441e-06, 1.89352499547e-06, 1.947206556e-06, 1.72698230472e-06, 1.60742513344e-06, 1.65247286077e-06, 1.45659669215e-06, 1.25550161556e-06, 1.12698353405e-06, 9.98047312351e-07, 1.14846693577e-06, 1.09715256258e-06, 1.06268350919e-06, 8.62998376761e-07, 7.21955984773e-07, 5.58411386464e-07, 4.86654869292e-07, 5.08713526415e-07, 3.97290762066e-07, 4.48055345714e-07, 4.40472888386e-07, 5.35626554665e-07, 6.28438897365e-07, 4.47905421197e-07, 3.51707228674e-07, 4.35505000951e-07, 3.33620050696e-07, 2.28370637956e-07, 1.61932121046e-07, 1.32964572686e-07, 1.20240301271e-07, 1.09641824508e-07, 9.64437418816e-08, 7.8661742009e-08, 7.02504223682e-08, 6.79014107163e-08, 3.36615890717e-08, 3.07178149583e-09, 3.63821082636e-12, 3.43982307915e-12],
        "stdev": [0.00152439787053, 0.00421352405101, 0.0055891033262, 0.00454593217, 0.00275631458499, 0.00149915390648, 0.00128074665554, 0.000911349256057, 0.00131928338669, 0.00168011698406, 0.00108688138425, 0.000769098987803, 0.000523661728948, 0.000263356458163, 0.000278088031337, 0.000452201609733, 0.000700643344317, 0.0010885738302, 0.00127732753754, 0.00124118628446, 0.00107268081047, 0.000695269554853, 0.000576066027861, 0.000669637345709, 0.000731950916816, 0.000697953102645, 0.000558469677344, 0.00052348151803, 0.000471146049676, 0.000465440709377, 0.00054447108414, 0.00030949927168, 0.000407100334996, 0.000484428717755, 0.000432582572103, 0.000400726130465, 0.000489010417368, 0.000373431947082, 0.000397450145101, 0.00067340163514, 0.000321672792779, 0.000206562064704, 0.000171005260199, 0.000157182876137, 0.000138265124406, 0.000133075809572, 0.000108974665636, 0.000116650910059, 7.28458762751e-05, 7.32703047106e-05, 0.000111676592496, 6.77953648847e-05, 5.64233669138e-05, 6.19268321316e-05, 6.68670909363e-05, 9.36060314416e-05, 6.07284637226e-05, 6.46828411845e-05, 9.16169810807e-05, 5.58411302336e-05, 4.42474156443e-05, 4.04693601013e-05, 2.79898995359e-05, 2.54633359873e-05, 4.19295211032e-05, 3.3706855902e-05, 3.18775782944e-05, 1.98272318812e-05, 1.58575076057e-05, 1.50877340275e-05, 1.17741701615e-05, 6.77352045386e-06, 6.25633992968e-06, 4.65845005237e-06, 5.57740668228e-06, 9.10039852897e-06, 6.09080598224e-06, 5.33356296728e-06, 5.2572831919e-06, 6.558493169e-06, 6.32948149359e-06, 4.91506216349e-06, 4.31892840425e-06, 4.12892404711e-06, 4.3203176574e-06, 5.1850224736e-06, 6.21900517217e-06, 5.15678948432e-06, 5.06368587594e-06, 6.56057136439e-06, 6.99566044204e-06, 6.7166683948e-06, 6.88911723046e-06, 6.33544232187e-06, 5.9047506511e-06, 5.77003493163e-06, 4.66342999061e-06, 3.96400901082e-06, 4.30774252891e-06, 4.59233615402e-06, 3.66278277397e-06, 3.5556970488e-06, 2.96491293739e-06, 2.54200517702e-06, 1.6173886479e-06, 1.63155516475e-06, 1.371221515e-06, 1.224603011e-06, 1.05758465452e-06, 1.12460588753e-06, 1.13731880447e-06, 8.14422605799e-07, 6.67095719109e-07, 9.59427666203e-07, 8.1345280023e-07, 5.2449041732e-07, 3.82253318776e-07, 3.14927660838e-07, 2.87564148493e-07, 2.65382027465e-07, 2.22007813022e-07, 1.84643255352e-07, 1.7577335143e-07, 2.04668211268e-07, 9.56438555022e-08, 9.36211108638e-09, 6.44894858001e-12, 6.28801221161e-12]
    },
    "mfcc": {
        "mean": [-695.042419434, 140.069442749, -19.1519069672, 10.368765831, 15.4526987076, 9.41347503662, 10.242609024, 14.9145870209, -4.03263044357, 0.0976467505097, 9.68442726135, 14.1333627701, 6.21574783325],
        "cov": [[21065.8828125, -814.76776123, -346.14251709, 121.230499268, 436.52166748, 479.583435059, 142.110717773, 174.40045166, 109.444854736, 227.416229248, 207.619644165, 300.944915771, 461.44418335], [-814.76776123, 2264.06640625, -843.614868164, -66.8492736816, -105.217323303, -300.998016357, -27.8584308624, 60.4993515015, -168.601013184, -48.307964325, -47.4953384399, -42.5654830933, -54.260181427], [-346.14251709, -843.614868164, 910.920227051, -45.0172233582, 7.81892204285, 128.545272827, -6.84377288818, -21.8955116272, 61.6720199585, -46.6719055176, 29.8989696503, 3.89926099777, -3.5928311348], [121.230499268, -66.8492736816, -45.0172233582, 374.459716797, 38.0303840637, 46.6928825378, -34.8610649109, -66.8739929199, -21.7306499481, -17.915271759, -24.6790485382, 9.75114154816, 10.6198358536], [436.52166748, -105.217323303, 7.81892204285, 38.0303840637, 402.600769043, 89.0587997437, 8.31684112549, 41.9841499329, -13.7980489731, -21.6150245667, -2.48834681511, 144.454071045, 49.7676620483], [479.583435059, -300.998016357, 128.545272827, 46.6928825378, 89.0587997437, 305.257598877, 37.6132469177, 14.3618984222, 55.2996406555, -21.9228591919, -0.091835796833, 51.98279953, 31.3850021362], [142.110717773, -27.8584308624, -6.84377288818, -34.8610649109, 8.31684112549, 37.6132469177, 165.644699097, 65.0249633789, 5.94474172592, 9.4692773819, 5.9818778038, 11.7730903625, 5.05328845978], [174.40045166, 60.4993515015, -21.8955116272, -66.8739929199, 41.9841499329, 14.3618984222, 65.0249633789, 166.206558228, 31.0751056671, -3.44885516167, -4.26070356369, 39.9892120361, 24.0533504486], [109.444854736, -168.601013184, 61.6720199585, -21.7306499481, -13.7980489731, 55.2996406555, 5.94474172592, 31.0751056671, 170.941650391, 69.3377609253, 6.86557435989, -37.2650146484, 24.442232132], [227.416229248, -48.307964325, -46.6719055176, -17.915271759, -21.6150245667, -21.9228591919, 9.4692773819, -3.44885516167, 69.3377609253, 176.167129517, 43.580581665, -47.3943939209, 15.4304952621], [207.619644165, -47.4953384399, 29.8989696503, -24.6790485382, -2.48834681511, -0.091835796833, 5.9818778038, -4.26070356369, 6.86557435989, 43.580581665, 120.385025024, 15.2155447006, -0.696524381638], [300.944915771, -42.5654830933, 3.89926099777, 9.75114154816, 144.454071045, 51.98279953, 11.7730903625, 39.9892120361, -37.2650146484, -47.3943939209, 15.2155447006, 223.860290527, 34.9520378113], [461.44418335, -54.260181427, -3.5928311348, 10.6198358536, 49.7676620483, 31.3850021362, 5.05328845978, 24.0533504486, 24.442232132, 15.4304952621, -0.696524381638, 34.9520378113, 152.267700195]],
        "icov": [[5.5919332226e-05, 2.72340203082e-05, 5.23238632013e-05, -5.80260757488e-06, -1.40386782732e-05, -7.10480089765e-05, 7.60764635288e-07, -4.28149141953e-05, 4.02221521654e-05, -5.05181233166e-05, -8.45926479087e-05, -1.53895689436e-05, -0.000130339030875], [2.72340203082e-05, 0.000826728006359, 0.000714967376553, 0.000148936844198, 9.42024489632e-05, 0.000322803185554, 0.000226323711104, -0.000439760508016, 0.000442342396127, 0.000306712638121, -4.96899847349e-05, 0.000167889564182, 4.23324745498e-05], [5.23238632013e-05, 0.000714967376553, 0.00190827669576, 0.00036908040056, 6.4167776145e-05, -0.000221870592213, 0.000246974406764, -2.08888777706e-05, -0.000202448805794, 0.000911849318072, -0.000563374895137, 0.000210971993511, 2.44458278758e-05], [-5.80260757488e-06, 0.000148936844198, 0.00036908040056, 0.00315259979106, -0.000229696786846, -0.000530256133061, 0.000319570535794, 0.00124518130906, 0.000282995897578, 0.000144123012433, 0.000577186234295, -2.74812350654e-06, -0.000220204921789], [-1.40386782732e-05, 9.42024489632e-05, 6.4167776145e-05, -0.000229696786846, 0.00348371267319, -0.000636326847598, 0.000334422074957, -0.00060886197025, 0.000413585687056, -0.000389965600334, 0.000392123154597, -0.00193996622693, -0.000408511958085], [-7.10480089765e-05, 0.000322803185554, -0.000221870592213, -0.000530256133061, -0.000636326847598, 0.00472125178203, -0.00118469027802, 0.000451720843557, -0.00184592313599, 0.00124734500423, -1.72259387909e-05, -0.000540221284609, -0.000141274256748], [7.60764635288e-07, 0.000226323711104, 0.000246974406764, 0.000319570535794, 0.000334422074957, -0.00118469027802, 0.0076691666618, -0.00327081955038, 0.00127576850355, -0.000825596041977, -0.000205449294299, 0.000272764271358, 0.000274257647106], [-4.28149141953e-05, -0.000439760508016, -2.08888777706e-05, 0.00124518130906, -0.00060886197025, 0.000451720843557, -0.00327081955038, 0.00907044950873, -0.00258428533562, 0.000937868084293, 0.000613728305325, -0.00140625867061, -0.000687292020302], [4.02221521654e-05, 0.000442342396127, -0.000202448805794, 0.000282995897578, 0.000413585687056, -0.00184592313599, 0.00127576850355, -0.00258428533562, 0.00929938908666, -0.00361415673979, 0.000656180491205, 0.0014458601363, -0.000832972116768], [-5.05181233166e-05, 0.000306712638121, 0.000911849318072, 0.000144123012433, -0.000389965600334, 0.00124734500423, -0.000825596041977, 0.000937868084293, -0.00361415673979, 0.00892891082913, -0.00314764142968, 0.00154944555834, -0.000671292480547], [-8.45926479087e-05, -4.96899847349e-05, -0.000563374895137, 0.000577186234295, 0.000392123154597, -1.72259387909e-05, -0.000205449294299, 0.000613728305325, 0.000656180491205, -0.00314764142968, 0.0100378552452, -0.00159127498046, 0.000595185207203], [-1.53895689436e-05, 0.000167889564182, 0.000210971993511, -2.74812350654e-06, -0.00193996622693, -0.000540221284609, 0.000272764271358, -0.00140625867061, 0.0014458601363, 0.00154944555834, -0.00159127498046, 0.00695107970387, -0.000921823258977], [-0.000130339030875, 4.23324745498e-05, 2.44458278758e-05, -0.000220204921789, -0.000408511958085, -0.000141274256748, 0.000274257647106, -0.000687292020302, -0.000832972116768, -0.000671292480547, 0.000595185207203, -0.000921823258977, 0.0076715555042]]
    },
    "spectral_contrast_coeffs": {
        "mean": [-0.769905626774, -0.756690621376, -0.741910219193, -0.757863461971, -0.751631438732, -0.789645969868],
        "stdev": [0.0740709677339, 0.0875957682729, 0.0744219720364, 0.0590400546789, 0.0630866214633, 0.0510890707374]
    },
    "spectral_contrast_valleys": {
        "mean": [-7.15918874741, -7.27557754517, -7.70082616806, -8.01519203186, -8.42930316925, -11.1584386826],
        "stdev": [1.76726841927, 1.7237432003, 1.78441298008, 1.92877972126, 1.91192519665, 2.19466376305]
    }
},
"rhythm": {
    "beats_count": 575,
    "beats_loudness": {
        "mean": 0.0409638471901,
        "stdev": 0.0287290159613
    },
    "bpm": 155.976074219,
    "bpm_histogram_first_peak_bpm": 157,
    "bpm_histogram_first_peak_weight": 0.115555524826,
    "bpm_histogram_second_peak_bpm": 152,
    "bpm_histogram_second_peak_spread": 0.0454545021057,
    "bpm_histogram_second_peak_weight": 0.109756097198,
    "danceability": 1.33724045753,
    "onset_rate": 4.16609477997,
    "beats_loudness_band_ratio": {
        "mean": [0.427322328091, 0.0954376980662, 0.160891488194, 0.229863762856, 0.0911529138684, 0.0315207242966],
        "stdev": [0.231704428792, 0.104812458158, 0.142784923315, 0.187556549907, 0.0786553472281, 0.0378164052963]
    },
    "beats_position": [0.441179126501, 0.893968224525, 1.33514738083, 1.78793644905, 2.22911548615, 2.68190479279, 3.19274377823, 3.7151927948, 4.22603178024, 4.72526073456, 5.22448968887, 5.72371864319, 6.30421733856, 6.88471651077, 7.52326536179, 8.16181373596, 8.80036258698, 9.39247131348, 9.98458003998, 10.5882987976, 11.1920175552, 11.7957363129, 12.3994560242, 13.0147848129, 13.6301136017, 14.2338323593, 14.8375511169, 15.4528799057, 16.0682086945, 16.6835365295, 17.298866272, 17.9025840759, 18.5179138184, 19.1216316223, 19.6092510223, 20.1084804535, 20.5960998535, 21.0721092224, 21.5597267151, 22.0473461151, 22.5349655151, 23.0225849152, 23.5102043152, 23.9862117767, 24.4622211456, 24.9382305145, 25.37940979, 25.8321990967, 26.2849884033, 26.7261676788, 27.1441268921, 27.5504760742, 27.9452152252, 28.3283443451, 28.711473465, 29.1178226471, 29.5241718292, 29.9073009491, 30.290430069, 30.6735591888, 31.0682983398, 31.4514274597, 31.8345565796, 32.2292976379, 32.6240348816, 33.0071640015, 33.3902931213, 33.7734222412, 34.1565513611, 34.539680481, 34.9228096008, 35.2943305969, 35.6658477783, 36.0489807129, 36.4321098328, 36.8152389526, 37.2099761963, 37.5931053162, 37.976234436, 38.3709754944, 38.7541046143, 39.1372337341, 39.520362854, 39.9034919739, 40.2866210938, 40.6581382751, 41.041267395, 41.4127883911, 41.795917511, 42.1790466309, 42.5621757507, 42.9453048706, 43.340045929, 43.7231750488, 44.1063041687, 44.5010414124, 44.8841705322, 45.2789115906, 45.6620407104, 46.0451698303, 46.4282989502, 46.7998161316, 47.1829452515, 47.5660743713, 47.9492073059, 48.3323364258, 48.7270736694, 49.0985946655, 49.4817237854, 49.8648529053, 50.2479820251, 50.631111145, 51.0142402649, 51.3973693848, 51.7804985046, 52.1636276245, 52.5467567444, 52.9298858643, 53.3130149841, 53.696144104, 54.0676651001, 54.4391822815, 54.8223114014, 55.2054405212, 55.5885696411, 55.9600906372, 56.3548278809, 56.7495689392, 57.1326980591, 57.5274353027, 57.9105644226, 58.2936935425, 58.6768226624, 59.0483436584, 59.4314727783, 59.8146018982, 60.1861228943, 60.5692520142, 60.952381134, 61.3471183777, 61.7302474976, 62.1133766174, 62.4965057373, 62.8796348572, 63.2511558533, 63.6342849731, 64.0174102783, 64.4005432129, 64.7836685181, 65.1668014526, 65.5499343872, 65.9330596924, 66.316192627, 66.6993179321, 67.0824508667, 67.4655761719, 67.8487091064, 68.2318344116, 68.6149673462, 68.9980926514, 69.3812255859, 69.7643508911, 70.1474838257, 70.5306091309, 70.9137420654, 71.2968673706, 71.6800003052, 72.0747375488, 72.4578704834, 72.8409957886, 73.2125167847, 73.6072540283, 73.9787750244, 74.3619003296, 74.7450332642, 75.1397705078, 75.5345077515, 75.9292526245, 76.3123779297, 76.7071151733, 77.0902481079, 77.4733810425, 77.8565063477, 78.2396392822, 78.6227645874, 79.005897522, 79.3774108887, 79.7605438232, 80.1320648193, 80.5151901245, 80.8867111206, 81.2698364258, 81.6529693604, 82.0360946655, 82.4076156616, 82.7907485962, 83.1738739014, 83.5570068359, 83.9401321411, 84.3348770142, 84.7180023193, 85.1011352539, 85.4726486206, 85.8557815552, 86.2389068604, 86.6220397949, 87.0051651001, 87.3882980347, 87.7714233398, 88.1545562744, 88.537689209, 88.9208145142, 89.3039474487, 89.6870727539, 90.0702056885, 90.4649429321, 90.8480682373, 91.2312011719, 91.6259384155, 92.0206756592, 92.4038085938, 92.7869338989, 93.158454895, 93.5415878296, 93.9247131348, 94.3078460693, 94.6793670654, 95.0624923706, 95.4340133667, 95.8171386719, 96.2002716064, 96.5950088501, 96.9781417847, 97.3612670898, 97.7327880859, 98.1275253296, 98.5106582642, 98.8937835693, 99.2769165039, 99.6716537476, 100.054779053, 100.426300049, 100.809432983, 101.192558289, 101.575691223, 101.958816528, 102.353561401, 102.736686707, 103.119819641, 103.491333008, 103.862854004, 104.245986938, 104.629112244, 105.012245178, 105.395370483, 105.790107727, 106.173240662, 106.556373596, 106.927886963, 107.322631836, 107.705757141, 108.088890076, 108.472015381, 108.855148315, 109.238273621, 109.621406555, 110.00453186, 110.387664795, 110.7707901, 111.153923035, 111.525436401, 111.920181274, 112.30330658, 112.686439514, 113.069564819, 113.452697754, 113.835823059, 114.218955994, 114.602081299, 114.985214233, 115.379951477, 115.763084412, 116.146209717, 116.517730713, 116.900856018, 117.283988953, 117.667114258, 118.050247192, 118.433380127, 118.816505432, 119.199638367, 119.582763672, 119.965896606, 120.349021912, 120.732154846, 121.115280151, 121.498413086, 121.881538391, 122.253059387, 122.647796631, 123.030929565, 123.414054871, 123.797187805, 124.18031311, 124.563446045, 124.94657135, 125.341316223, 125.724441528, 126.107574463, 126.490699768, 126.862220764, 127.245346069, 127.628479004, 128.011611938, 128.383132935, 128.76625061, 129.149383545, 129.532516479, 129.915649414, 130.310379028, 130.705123901, 131.076644897, 131.459777832, 131.854507446, 132.237640381, 132.620773315, 132.992294312, 133.375411987, 133.758544922, 134.141677856, 134.513198853, 134.907928467, 135.30267334, 135.685806274, 136.068939209, 136.452056885, 136.835189819, 137.206710815, 137.578231812, 137.972961426, 138.35609436, 138.739227295, 139.110748291, 139.493881226, 139.876998901, 140.260131836, 140.643264771, 141.026397705, 141.409515381, 141.792648315, 142.17578125, 142.558914185, 142.94203186, 143.325164795, 143.708297729, 144.103042603, 144.486160278, 144.869293213, 145.240814209, 145.623947144, 146.007064819, 146.390197754, 146.773330688, 147.168075562, 147.551193237, 147.934326172, 148.329071045, 148.712203979, 149.095321655, 149.47845459, 149.861587524, 150.244720459, 150.627838135, 151.010971069, 151.394104004, 151.777236938, 152.148742676, 152.53187561, 152.915008545, 153.298141479, 153.681274414, 154.06439209, 154.435913086, 154.830657959, 155.213790894, 155.596908569, 155.980041504, 156.363174438, 156.746307373, 157.129425049, 157.512557983, 157.895690918, 158.278823853, 158.661941528, 159.045074463, 159.428207397, 159.811340332, 160.194458008, 160.565979004, 160.960723877, 161.343856812, 161.726974487, 162.098495483, 162.481628418, 162.864761353, 163.247894287, 163.631011963, 164.014144897, 164.397277832, 164.780410767, 165.163528442, 165.558273315, 165.94140625, 166.312927246, 166.696044922, 167.090789795, 167.473922729, 167.857055664, 168.228561401, 168.623306274, 169.006439209, 169.389572144, 169.772689819, 170.155822754, 170.538955688, 170.922088623, 171.305206299, 171.688339233, 172.083084106, 172.466217041, 172.849334717, 173.232467651, 173.615600586, 173.998733521, 174.381851196, 174.764984131, 175.148117065, 175.54284668, 175.925979614, 176.309112549, 176.680633545, 177.052154541, 177.423675537, 177.806793213, 178.189926147, 178.573059082, 178.956192017, 179.350921631, 179.734054565, 180.1171875, 180.488708496, 180.88343811, 181.266571045, 181.649703979, 182.032836914, 182.41595459, 182.799087524, 183.182220459, 183.565353394, 183.948471069, 184.331604004, 184.714736938, 185.086257935, 185.469390869, 185.852508545, 186.235641479, 186.618774414, 187.001907349, 187.396636963, 187.779769897, 188.162902832, 188.557632446, 188.940765381, 189.312286377, 189.695419312, 190.078552246, 190.461669922, 190.844802856, 191.227935791, 191.611068726, 191.994186401, 192.377319336, 192.760452271, 193.155181885, 193.538314819, 193.909835815, 194.29296875, 194.676101685, 195.05921936, 195.442352295, 195.813873291, 196.208618164, 196.59173584, 196.974868774, 197.358001709, 197.741134644, 198.124252319, 198.507385254, 198.890518188, 199.285263062, 199.668380737, 200.051513672, 200.434646606, 200.817779541, 201.200897217, 201.572418213, 201.955551147, 202.338684082, 202.721817017, 203.104934692, 203.488067627, 203.871200562, 204.254333496, 204.637451172, 205.020584106, 205.403717041, 205.786849976, 206.169967651, 206.553100586, 206.936233521, 207.319366455, 207.702484131, 208.085617065, 208.46875, 208.851882935, 209.23500061, 209.618133545, 210.001266479, 210.384399414, 210.76751709, 211.150650024, 211.533782959, 211.916915894, 212.300048828, 212.683166504, 213.066299438, 213.449432373, 213.832565308, 214.215682983, 214.598815918, 214.981948853, 215.353469849, 215.736587524, 216.119720459, 216.502853394, 216.885986328, 217.269119263, 217.663848877, 218.046981812, 218.430114746, 218.813232422, 219.196365356, 219.579498291, 219.962631226, 220.345748901, 220.728881836, 221.112014771, 221.483535767, 221.866668701, 222.238174438, 222.621307373, 223.016052246, 223.410797119, 223.805526733, 224.188659668, 224.560180664, 224.93170166, 225.314819336, 225.686340332, 226.069473267, 226.452606201, 226.847335815, 227.23046875, 227.625213623, 228.008346558],
    "bpm_histogram": [0, 0, 0, 0, 0, 0, 0, 0, 0, 0, 0, 0, 0, 0, 0, 0, 0, 0, 0, 0, 0, 0, 0, 0, 0, 0, 0, 0, 0, 0, 0, 0, 0, 0, 0, 0, 0, 0, 0, 0, 0, 0, 0, 0, 0, 0, 0, 0, 0, 0, 0, 0, 0, 0, 0, 0, 0, 0, 0, 0, 0, 0, 0, 0, 0, 0, 0, 0, 0, 0, 0, 0, 0, 0, 0, 0, 0, 0, 0, 0, 0, 0, 0, 0, 0, 0, 0, 0, 0, 0, 0, 0, 0, 0, 0.00522648077458, 0, 0, 0, 0.0121951214969, 0.013937282376, 0, 0.003484320594, 0, 0.003484320594, 0, 0, 0, 0, 0, 0, 0, 0, 0, 0, 0, 0.001742160297, 0, 0.003484320594, 0, 0, 0.006968641188, 0, 0, 0.0121951214969, 0, 0, 0.006968641188, 0, 0, 0, 0, 0, 0, 0.00871080160141, 0, 0, 0.006968641188, 0, 0, 0, 0, 0, 0, 0, 0.001742160297, 0, 0, 0, 0.00522648077458, 0, 0, 0, 0.109756097198, 0, 0, 0, 0, 0.693379819393, 0, 0, 0, 0.0905923321843, 0.013937282376, 0, 0, 0, 0, 0, 0, 0, 0, 0, 0, 0, 0, 0, 0, 0, 0, 0, 0, 0, 0, 0, 0, 0, 0, 0, 0, 0, 0, 0, 0, 0, 0, 0, 0, 0, 0, 0, 0, 0, 0, 0, 0, 0, 0, 0, 0, 0, 0, 0, 0, 0, 0, 0, 0, 0, 0, 0, 0, 0, 0, 0, 0, 0, 0, 0, 0, 0, 0, 0, 0, 0, 0, 0, 0, 0, 0, 0, 0, 0, 0, 0, 0, 0, 0, 0, 0, 0]
},
"tonal": {
    "chords_changes_rate": 0.0773290023208,
    "chords_number_rate": 0.00263852253556,
    "chords_strength": {
        "mean": 0.434799492359,
        "stdev": 0.087570592761
    },
    "hpcp_crest": {
        "mean": 15.9707450867,
        "stdev": 8.54073429108
    },
    "hpcp_entropy": {
        "mean": 1.7192633152,
        "stdev": 0.815111279488
    },
    "key_edma": {
        "strength": 0.567750930786,
        "key": "Bb",
        "scale": "minor"
    },
    "key_krumhansl": {
        "strength": 0.565619528294,
        "key": "Bb",
        "scale": "minor"
    },
    "key_temperley": {
        "strength": 0.561024785042,
        "key": "Bb",
        "scale": "minor"
    },
    "tuning_diatonic_strength": 0.457719862461,
    "tuning_equal_tempered_deviation": 0.110819637775,
    "tuning_frequency": 434.193115234,
    "tuning_nontempered_energy_ratio": 0.708334505558,
    "hpcp": {
        "mean": [0.0472885221243, 0.0514540411532, 0.0811271369457, 0.0992968678474, 0.0786523148417, 0.0594443418086, 0.0505071617663, 0.0545283704996, 0.143085315824, 0.177434399724, 0.103764154017, 0.162563115358, 0.186877146363, 0.0827406048775, 0.044638287276, 0.0436877682805, 0.0460530817509, 0.180768623948, 0.299782037735, 0.210611641407, 0.0929243192077, 0.0507342219353, 0.0615519285202, 0.27601185441, 0.454256802797, 0.251965820789, 0.0647250637412, 0.0569020397961, 0.0532301068306, 0.0589298345149, 0.0622411966324, 0.0539521686733, 0.0782755017281, 0.101127929986, 0.0726193785667, 0.0494467169046],
        "stdev": [0.127742663026, 0.126869693398, 0.169576600194, 0.193404600024, 0.177646264434, 0.15577365458, 0.143130257726, 0.133160412312, 0.21563000977, 0.255973339081, 0.184512928128, 0.291147053242, 0.351192951202, 0.170408606529, 0.117015495896, 0.111369282007, 0.107248410583, 0.221661627293, 0.375466823578, 0.333957731724, 0.174921348691, 0.150419726968, 0.142819970846, 0.267266720533, 0.41279810667, 0.286591768265, 0.162244275212, 0.160096600652, 0.15067525208, 0.137344136834, 0.144068241119, 0.121244683862, 0.161167383194, 0.209898114204, 0.159209027886, 0.124900519848]
    },
    "chords_histogram": [7.55023336411, 14.4306879044, 32.8191604614, 17.4751377106, 4.95230340958, 1.42074286938, 0.345037549734, 1.80637300014, 0.202963262796, 7.48934459686, 2.43555927277, 3.79541301727, 2.45585560799, 0.243555918336, 0, 0, 0, 0.162370607257, 0.060888979584, 0, 1.09600162506, 0.202963262796, 1.05540895462, 0],
