{
"metadata": {
    "version": {
        "essentia": "2.1-beta6-dev",
        "essentia_git_sha": "v2.1_beta5-1177-g1d1cc983",
        "extractor": "music 2.0"
    },
    "audio_properties": {
        "analysis": {
            "equal_loudness": 0,
            "length": 224.124984741,
            "sample_rate": 44100,
            "start_time": 0,
            "downmix": "mix"
        },
        "bit_rate": 1536000,
        "length": 224.125,
        "lossless": 1,
        "number_channels": 2,
        "replay_gain": -12.9350032806,
        "sample_rate": 48000,
        "codec": "pcm_s16le",
        "md5_encoded": "5a0a94cd260791000a30d2589a579f5b"
    },
    "tags": {
        "file_name": "Sam R Barber - As Time Passes.wav",
        "album": ["As Time Passes"],
        "artist": ["Sam Barber"],
        "audiosourcewebpage": [""],
        "composer": ["Sam R Barber"],
        "copyright": ["2022 Sam R Barber"],
        "date": ["2022-12-15"],
        "genre": ["country"],
        "isrc": ["QZTB42210959"],
        "title": ["As Time Passes"],
        "tracknumber": ["1\/1"]
    }
},
"lowlevel": {
    "average_loudness": 0.516301870346,
    "barkbands_crest": {
        "mean": 11.1590976715,
        "stdev": 4.08659648895
    },
    "barkbands_flatness_db": {
        "mean": 0.185340449214,
        "stdev": 0.0589222088456
    },
    "barkbands_kurtosis": {
        "mean": 5.61810445786,
        "stdev": 10.5158605576
    },
    "barkbands_skewness": {
        "mean": 1.70625960827,
        "stdev": 1.38269793987
    },
    "barkbands_spread": {
        "mean": 17.4124965668,
        "stdev": 12.1558885574
    },
    "dissonance": {
        "mean": 0.446927607059,
        "stdev": 0.0379822403193
    },
    "dynamic_complexity": 5.93898105621,
    "erbbands_crest": {
        "mean": 9.28083610535,
        "stdev": 4.29374599457
    },
    "erbbands_flatness_db": {
        "mean": 0.20544937253,
        "stdev": 0.0552798956633
    },
    "erbbands_kurtosis": {
        "mean": 0.580428123474,
        "stdev": 4.65294599533
    },
    "erbbands_skewness": {
        "mean": 0.274462521076,
        "stdev": 0.897922039032
    },
    "erbbands_spread": {
        "mean": 38.2870330811,
        "stdev": 19.3839530945
    },
    "hfc": {
        "mean": 13.226890564,
        "stdev": 16.8529186249
    },
    "loudness_ebu128": {
        "integrated": -12.7969608307,
        "loudness_range": 10.9217042923,
        "momentary": {
            "mean": -15.8849449158,
            "stdev": 8.00062465668
        },
        "short_term": {
            "mean": -14.7167930603,
            "stdev": 5.10882854462
        }
    },
    "melbands_crest": {
        "mean": 15.4211549759,
        "stdev": 5.30893611908
    },
    "melbands_flatness_db": {
        "mean": 0.239692106843,
        "stdev": 0.078931696713
    },
    "melbands_kurtosis": {
        "mean": 15.1766300201,
        "stdev": 23.1537590027
    },
    "melbands_skewness": {
        "mean": 2.77246570587,
        "stdev": 1.94290351868
    },
    "melbands_spread": {
        "mean": 20.6171131134,
        "stdev": 18.8567276001
    },
    "pitch_salience": {
        "mean": 0.506839871407,
        "stdev": 0.118416890502
    },
    "silence_rate_20dB": {
        "mean": 1,
        "stdev": 0
    },
    "silence_rate_30dB": {
        "mean": 1,
        "stdev": 0
    },
    "silence_rate_60dB": {
        "mean": 0.230474412441,
        "stdev": 0.42112287879
    },
    "spectral_centroid": {
        "mean": 1162.4161377,
        "stdev": 665.69921875
    },
    "spectral_complexity": {
        "mean": 11.5556249619,
        "stdev": 6.20470523834
    },
    "spectral_decrease": {
        "mean": -3.77984887834e-09,
        "stdev": 3.83740639265e-09
    },
    "spectral_energy": {
        "mean": 0.015465724282,
        "stdev": 0.0157787259668
    },
    "spectral_energyband_high": {
        "mean": 0.000217182241613,
        "stdev": 0.00061155448202
    },
    "spectral_energyband_low": {
        "mean": 0.00174791214522,
        "stdev": 0.00238329381682
    },
    "spectral_energyband_middle_high": {
        "mean": 0.00522874714807,
        "stdev": 0.00959889683872
    },
    "spectral_energyband_middle_low": {
        "mean": 0.0092940190807,
        "stdev": 0.00996022578329
    },
    "spectral_entropy": {
        "mean": 6.94449090958,
        "stdev": 0.583716511726
    },
    "spectral_flux": {
        "mean": 0.046474147588,
        "stdev": 0.0413091704249
    },
    "spectral_kurtosis": {
        "mean": 7.83678817749,
        "stdev": 9.81239700317
    },
    "spectral_rms": {
        "mean": 0.0033602733165,
        "stdev": 0.00194861087948
    },
    "spectral_rolloff": {
        "mean": 1355.44140625,
        "stdev": 1340.21313477
    },
    "spectral_skewness": {
        "mean": 1.74199390411,
        "stdev": 0.944232523441
    },
    "spectral_spread": {
        "mean": 3542931.25,
        "stdev": 1562100.125
    },
    "spectral_strongpeak": {
        "mean": 1.1264988184,
        "stdev": 1.56590139866
    },
    "zerocrossingrate": {
        "mean": 0.0520067065954,
        "stdev": 0.0373097658157
    },
    "barkbands": {
        "mean": [1.31744275222e-06, 6.11558643868e-05, 0.000730878964532, 0.00196430552751, 0.00305496901274, 0.000574152625632, 0.00208640424535, 0.00103228515945, 0.000468813523185, 0.000789857353084, 0.000698956020642, 0.000917012395803, 0.000618164427578, 0.000222878472414, 0.00041568922461, 0.000769648177084, 0.000246463576332, 0.000125798571389, 0.000312916818075, 0.000200118971406, 3.70035340893e-05, 4.80758026242e-05, 3.61064594472e-05, 2.99251532851e-05, 1.72754735104e-05, 5.32935337105e-06, 2.66337423227e-07],
        "stdev": [3.32557578986e-06, 0.000152184235048, 0.00113793939818, 0.00359816313721, 0.00400070426986, 0.00117512000725, 0.00465022958815, 0.00432647904381, 0.0011564954184, 0.00292561226524, 0.00315638794564, 0.00300633348525, 0.00218934216537, 0.000888213224243, 0.00117259798571, 0.00217436836101, 0.000522539368831, 0.000311266107019, 0.000780240749009, 0.000466362107545, 0.000101188161352, 0.000145895333844, 0.000130581887788, 0.000158850947628, 0.000120565076941, 3.92919064325e-05, 1.4591580566e-06]
    },
    "erbbands": {
        "mean": [0.000478971574921, 0.0281330663711, 0.584295451641, 4.23134040833, 9.26380825043, 8.75159072876, 8.5591545105, 4.84476661682, 23.2941741943, 27.5264205933, 19.7867870331, 10.1342334747, 20.9226703644, 30.6501483917, 28.6270160675, 34.364238739, 28.8087711334, 15.6058855057, 12.1661491394, 35.6874809265, 35.6544494629, 14.746090889, 7.00947618484, 8.45917701721, 20.9332332611, 8.55208778381, 1.98508000374, 1.57249033451, 1.9484795332, 1.03050386906, 1.03574776649, 0.712603569031, 0.451612144709, 0.227905064821, 0.105317085981, 0.0324829854071, 0.00876367930323, 0.000942254438996, 6.19274142082e-05, 2.10842099477e-05],
        "stdev": [0.000815255392808, 0.0586489029229, 0.911618769169, 6.31740665436, 16.335269928, 11.7466135025, 24.03956604, 8.53419303894, 50.9740486145, 65.0458526611, 73.0548019409, 21.9143199921, 71.5255126953, 121.668388367, 108.170051575, 118.543769836, 100.056137085, 54.5910415649, 36.5072364807, 89.0997467041, 100.700866699, 30.4237251282, 15.4681959152, 16.8421115875, 53.3998222351, 17.2249736786, 3.80252289772, 4.86620283127, 5.95486068726, 3.18924713135, 3.72424292564, 3.65034246445, 2.48243713379, 1.36969804764, 0.926963746548, 0.262718260288, 0.0636391043663, 0.00569659005851, 0.000304184650304, 2.47008938459e-05]
    },
    "gfcc": {
        "mean": [-93.6360397339, 115.453765869, -140.181304932, 26.5778598785, -61.5200233459, -6.83981370926, -45.2136383057, -12.2630262375, -32.1162071228, -18.4320697784, -17.5556545258, -16.8762168884, -16.3576393127],
        "cov": [[15104.7675781, -1373.859375, -2479.68237305, 229.735183716, -687.410461426, -50.2658691406, -565.265319824, 495.188018799, -402.002380371, -328.076202393, -286.189605713, -322.343353271, -159.334915161], [-1373.859375, 1724.06933594, -169.851547241, -367.645782471, 320.510498047, -293.219818115, 224.51449585, -238.637756348, 88.9907073975, -159.752670288, 159.434127808, -109.927833557, 25.2398014069], [-2479.68237305, -169.851547241, 1311.24060059, 104.571350098, 76.8892211914, 158.299362183, -49.6033859253, -33.6284599304, 11.9983320236, 171.547515869, -80.0488739014, 117.320884705, -43.3817634583], [229.735183716, -367.645782471, 104.571350098, 607.924133301, -67.7094497681, 123.811447144, 2.71878862381, -69.0766983032, 39.4660301208, -7.92228794098, -85.8072509766, 2.58005213737, 20.5508480072], [-687.410461426, 320.510498047, 76.8892211914, -67.7094497681, 320.680236816, -109.131538391, -13.0745639801, 9.03289604187, 36.3367042542, 27.6016845703, 13.076294899, -23.1164093018, -9.20616340637], [-50.2658691406, -293.219818115, 158.299362183, 123.811447144, -109.131538391, 389.696746826, 101.898773193, -64.0026702881, -37.2674064636, -5.55261278152, -23.292301178, 10.4828538895, 4.16724824905], [-565.265319824, 224.51449585, -49.6033859253, 2.71878862381, -13.0745639801, 101.898773193, 283.573669434, -64.2717819214, -21.0538368225, -83.2250671387, 36.28332901, -0.477585196495, 15.868224144], [495.188018799, -238.637756348, -33.6284599304, -69.0766983032, 9.03289604187, -64.0026702881, -64.2717819214, 216.092224121, -12.1551246643, 28.4763050079, -17.2792663574, 20.5635585785, -7.38689804077], [-402.002380371, 88.9907073975, 11.9983320236, 39.4660301208, 36.3367042542, -37.2674064636, -21.0538368225, -12.1551246643, 123.284561157, 40.0875167847, -2.98403501511, -5.00687742233, 4.63433074951], [-328.076202393, -159.752670288, 171.547515869, -7.92228794098, 27.6016845703, -5.55261278152, -83.2250671387, 28.4763050079, 40.0875167847, 152.953964233, -8.59388828278, 18.6100635529, -14.3415746689], [-286.189605713, 159.434127808, -80.0488739014, -85.8072509766, 13.076294899, -23.292301178, 36.28332901, -17.2792663574, -2.98403501511, -8.59388828278, 114.598297119, 3.9882376194, -0.238005399704], [-322.343353271, -109.927833557, 117.320884705, 2.58005213737, -23.1164093018, 10.4828538895, -0.477585196495, 20.5635585785, -5.00687742233, 18.6100635529, 3.9882376194, 101.11856842, 15.4123878479], [-159.334915161, 25.2398014069, -43.3817634583, 20.5508480072, -9.20616340637, 4.16724824905, 15.868224144, -7.38689804077, 4.63433074951, -14.3415746689, -0.238005399704, 15.4123878479, 73.5916824341]],
        "icov": [[0.00024839368416, -0.000245705537964, 0.000555066158995, -0.000276388222119, 0.00042190644308, -0.000340007682098, 0.000696300936397, -0.000614450662397, 0.000865767127834, -7.2199080023e-05, 0.000729587918613, 5.16806358064e-05, 0.000809624441899], [-0.000245705537964, 0.00278433016501, -0.00104287755676, 0.0016551441513, -0.00189843412954, 0.00210951012559, -0.00210080202669, 0.00317858322524, -0.00281769316643, 0.00253622303717, -0.00213866285048, 0.00186620873865, -0.00187486363575], [0.000555066158995, -0.00104287755676, 0.00256410334259, -0.000947318621911, 0.000704092846718, -0.00156144064385, 0.00181566213723, -0.00141239876393, 0.00257810414769, -0.00179476931226, 0.00273371534422, -0.0017804466188, 0.00284835533239], [-0.000276388222119, 0.0016551441513, -0.000947318621911, 0.00319903227501, -0.00100296270102, 0.000822135480121, -0.00135970977135, 0.00265367329121, -0.00294325733557, 0.00182202830911, -0.000121854820463, 0.000884787470568, -0.00187560287304], [0.00042190644308, -0.00189843412954, 0.000704092846718, -0.00100296270102, 0.00549717992544, -0.000420907861553, 0.00154872110579, -0.00265991245396, 0.00184919242747, -0.00185903278179, 0.00172902620398, 0.000428385857958, 0.00180744484533], [-0.000340007682098, 0.00210951012559, -0.00156144064385, 0.000822135480121, -0.000420907861553, 0.00554528133944, -0.00342352176085, 0.00320133450441, -0.00141381821595, 0.000963619269896, -0.0015481102746, 0.00178314070217, -0.00201845774427], [0.000696300936397, -0.00210080202669, 0.00181566213723, -0.00135970977135, 0.00154872110579, -0.00342352176085, 0.0079279076308, -0.0024432153441, 0.00316114001907, 0.00120412686374, 0.00138663209509, -0.00138464791235, 0.0024410856422], [-0.000614450662397, 0.00317858322524, -0.00141239876393, 0.00265367329121, -0.00265991245396, 0.00320133450441, -0.0024432153441, 0.00988104660064, -0.00317913852632, 0.00164256209973, -0.00170673639514, 9.46783475229e-05, -0.00249459897168], [0.000865767127834, -0.00281769316643, 0.00257810414769, -0.00294325733557, 0.00184919242747, -0.00141381821595, 0.00316114001907, -0.00317913852632, 0.0146531742066, -0.00548534607515, 0.00370457908139, -0.000808580603916, 0.00268280110322], [-7.2199080023e-05, 0.00253622303717, -0.00179476931226, 0.00182202830911, -0.00185903278179, 0.000963619269896, 0.00120412686374, 0.00164256209973, -0.00548534607515, 0.0129737043753, -0.00253642816097, 0.00120551837608, -0.000361801008694], [0.000729587918613, -0.00213866285048, 0.00273371534422, -0.000121854820463, 0.00172902620398, -0.0015481102746, 0.00138663209509, -0.00170673639514, 0.00370457908139, -0.00253642816097, 0.014142354019, -0.00272715790197, 0.00368163082749], [5.16806358064e-05, 0.00186620873865, -0.0017804466188, 0.000884787470568, 0.000428385857958, 0.00178314070217, -0.00138464791235, 9.46783475229e-05, -0.000808580603916, 0.00120551837608, -0.00272715790197, 0.0145186409354, -0.00432774052024], [0.000809624441899, -0.00187486363575, 0.00284835533239, -0.00187560287304, 0.00180744484533, -0.00201845774427, 0.0024410856422, -0.00249459897168, 0.00268280110322, -0.000361801008694, 0.00368163082749, -0.00432774052024, 0.0184297710657]]
    },
    "melbands": {
        "mean": [8.85934969119e-06, 0.000254324957496, 0.000877725135069, 0.000665892846882, 0.000319035811117, 0.000111665198347, 0.000392529851524, 0.000305989233311, 0.000134260117193, 6.46604967187e-05, 0.000107959654997, 0.000126833358081, 8.66963164299e-05, 0.000112867070129, 6.65419865982e-05, 6.19350103079e-05, 2.36598698393e-05, 1.57500326168e-05, 3.52184288204e-05, 6.12170479144e-05, 3.60913327313e-05, 1.58784860105e-05, 7.57998577683e-06, 5.29061162524e-06, 6.20982746113e-06, 1.45263402374e-05, 1.35945392685e-05, 3.86697502108e-06, 1.3164756183e-06, 6.93055540069e-07, 9.7509121133e-07, 1.2748307654e-06, 6.88297461693e-07, 5.34348373549e-07, 6.44240174097e-07, 5.26727831129e-07, 3.92220897538e-07, 3.32668946612e-07, 2.64443769993e-07, 1.63844646295e-07],
        "stdev": [2.14440151467e-05, 0.000371860776795, 0.00139919726644, 0.000856069789734, 0.000815549690742, 0.000205769290915, 0.000847382121719, 0.000786325137597, 0.000481437338749, 0.000155991816428, 0.000385052408092, 0.000485963973915, 0.000345412874594, 0.00037777388934, 0.000252937286859, 0.000227583368542, 9.61432961049e-05, 5.5934782722e-05, 9.37638178584e-05, 0.000174202170456, 0.000108671207272, 3.27818888763e-05, 1.79608487088e-05, 1.33073535835e-05, 1.26546392494e-05, 3.63854851457e-05, 3.56532436854e-05, 7.86718192103e-06, 2.70385567092e-06, 2.32534011957e-06, 3.32573654305e-06, 4.10819393437e-06, 2.13848670683e-06, 1.8701201725e-06, 2.20002766582e-06, 2.61810077973e-06, 2.36472146753e-06, 2.00356885216e-06, 1.45282967878e-06, 1.08369044938e-06]
    },
    "melbands128": {
        "mean": [5.88176135352e-07, 4.83442136101e-07, 2.36442429014e-06, 4.2460327677e-05, 0.000150906023919, 0.000437285256339, 0.000845911214128, 0.000997682800516, 0.000996246701106, 0.000690043438226, 0.000417945440859, 0.000428977306001, 0.000340535014402, 0.000108710599307, 6.87821957399e-05, 0.000107037521957, 0.000243026006501, 0.000481645576656, 0.000586249458138, 0.000188936843188, 0.000283092551399, 0.000301507330732, 5.83978035138e-05, 5.13209633937e-05, 5.28480486537e-05, 7.25752252038e-05, 8.42370427563e-05, 8.28390620882e-05, 0.000184897100553, 8.90882001841e-05, 0.000153110828251, 0.000106505896838, 4.6756289521e-05, 9.51173642534e-05, 0.000138337854878, 0.000121302240586, 6.90948654665e-05, 7.16454524081e-05, 5.10808495164e-05, 7.09196101525e-05, 7.01500102878e-05, 3.92761503463e-05, 2.16833886952e-05, 1.70615639945e-05, 1.76197918336e-05, 1.16478859127e-05, 1.64900575328e-05, 3.48249195667e-05, 4.44020224677e-05, 4.46284575446e-05, 8.16705723992e-05, 5.4039839597e-05, 4.1542625695e-05, 3.10916002491e-05, 1.47840000864e-05, 1.69283866853e-05, 1.45163812704e-05, 5.1682081903e-06, 7.978766007e-06, 6.09553444519e-06, 3.28056694343e-06, 6.81052370055e-06, 5.20558569406e-06, 4.90745651405e-06, 9.42470251175e-06, 1.35174150273e-05, 1.92178376892e-05, 1.86200359167e-05, 1.20622935356e-05, 7.22445929568e-06, 3.3132439512e-06, 2.91845731226e-06, 1.24460234474e-06, 1.41570751566e-06, 6.33314755305e-07, 7.1727328077e-07, 6.4624254037e-07, 8.00738632734e-07, 9.92098421193e-07, 1.16837281894e-06, 1.46930028677e-06, 1.23690028886e-06, 9.12529060315e-07, 6.58811529775e-07, 4.91887249154e-07, 4.6406435672e-07, 5.44913518752e-07, 6.77017283124e-07, 7.97771292582e-07, 4.46661829301e-07, 5.37458561212e-07, 5.80225560043e-07, 4.73968810866e-07, 3.21980678564e-07, 4.18029515004e-07, 3.56225257292e-07, 3.24403373497e-07, 2.70086587761e-07, 2.85572610892e-07, 2.6425502142e-07, 1.82601752385e-07, 1.49069748545e-07, 1.2542307104e-07, 1.41114668395e-07, 1.36527106065e-07, 1.03907503046e-07, 7.37893799396e-08, 5.27341939005e-08, 5.37037792014e-08, 4.79067736592e-08, 4.3136267891e-08, 3.58277425505e-08, 2.30395489353e-08, 2.03871159954e-08, 1.41077158844e-08, 8.12879985546e-09, 4.00828392699e-09, 1.71914471547e-09, 1.71246505865e-09, 1.32684752074e-09, 1.00317854024e-09, 6.98289481793e-10, 5.41204248083e-10, 4.52488158054e-10, 2.19770923682e-10, 2.21057651351e-11, 1.92881821626e-12, 1.91439160531e-12],
        "stdev": [1.35181835503e-06, 1.04978084892e-06, 5.82968823437e-06, 0.000106702791527, 0.000334390933858, 0.000659894081764, 0.00124189106282, 0.00215169554576, 0.00199038628489, 0.00100899266545, 0.000714968366083, 0.00124841311481, 0.00110140745528, 0.000307531154249, 0.000165333549376, 0.000329971458996, 0.000770441023633, 0.00119342049584, 0.00169496284798, 0.000623986881692, 0.00136192701757, 0.00133589166217, 0.000218827059143, 0.00020770849369, 0.000176977177034, 0.000220079513383, 0.000427753169788, 0.000424629455665, 0.00086530711269, 0.00041677171248, 0.00088936224347, 0.000658203207422, 0.000338276237017, 0.000615717668552, 0.000600900617428, 0.000588824623264, 0.000439047289547, 0.000391066423617, 0.00030456573586, 0.000385711871786, 0.00031403900357, 0.000213454550249, 0.000144675374031, 0.000105137594801, 7.65990480431e-05, 6.85670383973e-05, 0.000111462635687, 0.000115125440061, 0.000181130773854, 0.000183453186764, 0.000310077564791, 0.000249789678492, 0.00021492948872, 9.04486514628e-05, 5.3574291087e-05, 4.77599678561e-05, 4.27118429798e-05, 1.92020506802e-05, 2.95079335046e-05, 1.86757206393e-05, 1.3212862541e-05, 2.41418201767e-05, 1.37373226607e-05, 1.11602766992e-05, 2.74933427136e-05, 3.98131596739e-05, 7.27540100343e-05, 6.16301040282e-05, 4.41727534053e-05, 1.88716712728e-05, 9.40715472098e-06, 7.19155104889e-06, 3.47696118297e-06, 3.49619676854e-06, 1.94954373001e-06, 3.12751171805e-06, 2.69632164418e-06, 2.86769704871e-06, 3.92286483475e-06, 4.61182889921e-06, 5.39093935004e-06, 4.30294949183e-06, 3.00206488646e-06, 2.27571399591e-06, 1.82223084266e-06, 1.54912117978e-06, 2.58305158241e-06, 2.67703558166e-06, 2.79794880953e-06, 1.77966512638e-06, 2.7083679015e-06, 3.64712127521e-06, 2.30286309488e-06, 2.15723889596e-06, 3.43761257682e-06, 2.67170275947e-06, 1.97353756448e-06, 1.55080635977e-06, 1.58653926974e-06, 1.68381063759e-06, 1.2163656038e-06, 1.08883318717e-06, 1.00205670606e-06, 1.32534296426e-06, 1.45130468354e-06, 1.01997648017e-06, 6.37584321339e-07, 4.1546249463e-07, 4.50900188298e-07, 4.27320998142e-07, 3.49331799043e-07, 2.8027574217e-07, 1.71168210272e-07, 1.55581190597e-07, 9.7436263502e-08, 4.95665091194e-08, 2.31834214048e-08, 8.91575080431e-09, 1.08349427208e-08, 9.34933552799e-09, 6.25975538071e-09, 4.74582861898e-09, 4.10208755852e-09, 3.82606790694e-09, 2.31780528104e-09, 1.879574274e-10, 3.95537378892e-12, 3.93179629479e-12]
    },
    "mfcc": {
        "mean": [-726.385681152, 138.938400269, -19.3538322449, 23.9485721588, -2.24079823494, -2.96096420288, -6.39075946808, -2.89041852951, -17.6586894989, -3.32607936859, -16.9161891937, -11.4972581863, -3.09596657753],
        "cov": [[11943.8847656, -1053.85974121, -1399.26062012, -224.70211792, -188.562133789, -449.889556885, -111.526039124, 235.718093872, -178.453155518, 320.086639404, -443.000427246, -156.532897949, 79.2688522339], [-1053.85974121, 1892.28430176, -460.63192749, -64.7150497437, 3.57526350021, -162.02015686, 36.8517799377, -26.6873645782, -151.300613403, 41.713180542, -100.120788574, 21.6924991608, 76.547203064], [-1399.26062012, -460.63192749, 1017.29516602, 64.2174301147, 46.5063171387, 290.108947754, 30.7487316132, -46.2972679138, 140.152648926, -163.104858398, 204.441207886, -10.4212322235, -109.400382996], [-224.70211792, -64.7150497437, 64.2174301147, 405.858581543, 88.5235748291, 21.9761619568, -89.3195266724, -13.0981359482, 50.5028991699, -25.4431667328, 35.0310440063, -15.3136396408, -11.6537532806], [-188.562133789, 3.57526350021, 46.5063171387, 88.5235748291, 298.274536133, -45.3948173523, -67.4080810547, -65.8389129639, -2.89730429649, 60.6666259766, -25.4605197906, 11.4092741013, 42.1444549561], [-449.889556885, -162.02015686, 290.108947754, 21.9761619568, -45.3948173523, 369.765380859, 73.2929229736, -10.1926202774, 74.0740737915, -85.4286346436, 137.307220459, -25.4017524719, -109.032531738], [-111.526039124, 36.8517799377, 30.7487316132, -89.3195266724, -67.4080810547, 73.2929229736, 207.654724121, 64.2738494873, 8.90754890442, -32.9928436279, 9.11892700195, 4.05024337769, -19.2017250061], [235.718093872, -26.6873645782, -46.2972679138, -13.0981359482, -65.8389129639, -10.1926202774, 64.2738494873, 167.138427734, 8.26082611084, -17.2584209442, -11.0198373795, -19.3560066223, 11.5590724945], [-178.453155518, -151.300613403, 140.152648926, 50.5028991699, -2.89730429649, 74.0740737915, 8.90754890442, 8.26082611084, 164.501785278, -34.5383605957, 58.9302749634, -14.8642339706, -39.2523384094], [320.086639404, 41.713180542, -163.104858398, -25.4431667328, 60.6666259766, -85.4286346436, -32.9928436279, -17.2584209442, -34.5383605957, 166.904296875, -50.5387687683, 17.1346054077, 41.1912269592], [-443.000427246, -100.120788574, 204.441207886, 35.0310440063, -25.4605197906, 137.307220459, 9.11892700195, -11.0198373795, 58.9302749634, -50.5387687683, 163.382751465, -15.3082494736, -53.37059021], [-156.532897949, 21.6924991608, -10.4212322235, -15.3136396408, 11.4092741013, -25.4017524719, 4.05024337769, -19.3560066223, -14.8642339706, 17.1346054077, -15.3082494736, 114.068969727, 36.1222724915], [79.2688522339, 76.547203064, -109.400382996, -11.6537532806, 42.1444549561, -109.032531738, -19.2017250061, 11.5590724945, -39.2523384094, 41.1912269592, -53.37059021, 36.1222724915, 140.271514893]],
        "icov": [[0.000132100918563, 0.000125811784528, 0.000177038731636, 4.72802166769e-05, 5.29458266101e-05, -1.0639161701e-05, 7.28545564925e-05, -0.000102491758298, 3.94083181163e-05, -8.88439026312e-05, 0.000205155549338, 0.000178569040145, 6.21276194579e-05], [0.000125811784528, 0.000757931324188, 0.000452379113995, 3.47486420651e-05, -2.85155165329e-05, 0.000102216588857, -0.000223212846322, 0.000176975765498, 0.000408432097174, 0.000149178653373, 7.04196354491e-05, 0.000190327278688, -3.78535551135e-05], [0.000177038731636, 0.000452379113995, 0.00206382130273, 0.000231244513998, -0.000690912595019, -0.000523299968336, -8.39980839373e-06, 0.000158012247994, -0.000356793345418, 0.00117325480096, -0.000955627823714, -8.41728251544e-05, 0.000282271619653], [4.72802166769e-05, 3.47486420651e-05, 0.000231244513998, 0.00317521090619, -0.00101808435284, -0.000211909718928, 0.00148418569006, -0.000646430242341, -0.000710482650902, 0.000784924661275, -0.000351833907189, 7.23635821487e-05, 0.000214260086068], [5.29458266101e-05, -2.85155165329e-05, -0.000690912595019, -0.00101808435284, 0.00484229950234, 6.74467737554e-05, 0.000322939362377, 0.00146975077223, -0.000154975714395, -0.00186117179692, 0.00107958272565, 0.000470552680781, -0.00132438575383], [-1.0639161701e-05, 0.000102216588857, -0.000523299968336, -0.000211909718928, 6.74467737554e-05, 0.00526970438659, -0.00167157722171, 0.000612091098446, -0.000157095200848, 0.000494788400829, -0.00264445133507, 0.000105450701085, 0.00209851749241], [7.28545564925e-05, -0.000223212846322, -8.39980839373e-06, 0.00148418569006, 0.000322939362377, -0.00167157722171, 0.00718960072845, -0.00276457658038, -0.000280864129309, 0.00051848316798, 0.000916286255233, -0.00089386489708, 0.000361017941032], [-0.000102491758298, 0.000176975765498, 0.000158012247994, -0.000646430242341, 0.00146975077223, 0.000612091098446, -0.00276457658038, 0.00822005327791, -0.000608648522757, 0.000455801462522, 0.000168959188159, 0.00163345271721, -0.00165127357468], [3.94083181163e-05, 0.000408432097174, -0.000356793345418, -0.000710482650902, -0.000154975714395, -0.000157095200848, -0.000280864129309, -0.000608648522757, 0.00792759750038, 0.000175448993105, -0.00144735968206, 0.000262345653027, 0.000902326777577], [-8.88439026312e-05, 0.000149178653373, 0.00117325480096, 0.000784924661275, -0.00186117179692, 0.000494788400829, 0.00051848316798, 0.000455801462522, 0.000175448993105, 0.00865953974426, -7.65928707551e-05, -0.000742209027521, -0.000405566184781], [0.000205155549338, 7.04196354491e-05, -0.000955627823714, -0.000351833907189, 0.00107958272565, -0.00264445133507, 0.000916286255233, 0.000168959188159, -0.00144735968206, -7.65928707551e-05, 0.0110501339659, 0.000588963855989, 0.000472887739306], [0.000178569040145, 0.000190327278688, -8.41728251544e-05, 7.23635821487e-05, 0.000470552680781, 0.000105450701085, -0.00089386489708, 0.00163345271721, 0.000262345653027, -0.000742209027521, 0.000588963855989, 0.0103524578735, -0.0027312641032], [6.21276194579e-05, -3.78535551135e-05, 0.000282271619653, 0.000214260086068, -0.00132438575383, 0.00209851749241, 0.000361017941032, -0.00165127357468, 0.000902326777577, -0.000405566184781, 0.000472887739306, -0.0027312641032, 0.010821968317]]
    },
    "spectral_contrast_coeffs": {
        "mean": [-0.62108117342, -0.69774889946, -0.691281914711, -0.721099078655, -0.725860714912, -0.754752039909],
        "stdev": [0.0769389122725, 0.0970936343074, 0.0869427397847, 0.0830161496997, 0.0770917832851, 0.0513474717736]
    },
    "spectral_contrast_valleys": {
        "mean": [-7.73381567001, -7.87799263, -8.74682712555, -8.86623859406, -8.97371864319, -11.8908653259],
        "stdev": [1.04433095455, 1.14649093151, 1.27931189537, 1.30149316788, 1.33772075176, 1.40049493313]
    }
},
"rhythm": {
    "beats_count": 441,
    "beats_loudness": {
        "mean": 0.0181259438396,
        "stdev": 0.0165490396321
    },
    "bpm": 85.8913879395,
    "bpm_histogram_first_peak_bpm": 86,
    "bpm_histogram_first_peak_weight": 0.337500035763,
    "bpm_histogram_second_peak_bpm": 178,
    "bpm_histogram_second_peak_spread": 0,
    "bpm_histogram_second_peak_weight": 0.131818175316,
    "danceability": 1.00585961342,
    "onset_rate": 3.83684945107,
    "beats_loudness_band_ratio": {
        "mean": [0.394531220198, 0.247969895601, 0.174339309335, 0.133969813585, 0.0890175774693, 0.0542891323566],
        "stdev": [0.268008857965, 0.158090248704, 0.15952886641, 0.169961407781, 0.096881531179, 0.0810937806964]
    },
    "beats_position": [0.325079351664, 0.66176867485, 0.99845802784, 1.33514738083, 1.68344664574, 2.03174591064, 2.38004541397, 2.71673464775, 3.05342388153, 3.39011335373, 3.73841261864, 4.09832191467, 4.46984100342, 4.85297060013, 5.20126962662, 5.53795909882, 5.87464857101, 6.2229475975, 6.5596370697, 6.8963265419, 7.24462556839, 7.58131504059, 7.91800451279, 8.25469398499, 8.59138298035, 8.91646194458, 9.24154186249, 9.57823085785, 9.91492080688, 10.2516098022, 10.5882987976, 10.9133787155, 11.2500677109, 11.5867567062, 11.9118366241, 12.2485256195, 12.5852155685, 12.9219045639, 13.2585935593, 13.572063446, 13.8855323792, 14.2106122971, 14.5356912613, 14.8607711792, 15.1974601746, 15.5341491699, 15.8592290878, 16.1843090057, 16.5209980011, 16.8576869965, 17.1943759918, 17.5310649872, 17.8677539825, 18.2044448853, 18.5411338806, 18.877822876, 19.2145118713, 19.5512008667, 19.8878898621, 20.2245807648, 20.5612697601, 20.8979587555, 21.246257782, 21.5945568085, 21.942855835, 22.3027667999, 22.6626758575, 23.0225849152, 23.3824939728, 23.7307929993, 24.0674819946, 24.4157810211, 24.764081955, 25.1007709503, 25.4490699768, 25.7973690033, 26.1572780609, 26.5055770874, 26.8538761139, 27.2137870789, 27.5620861053, 27.9103851318, 28.2702941895, 28.6418132782, 29.0017223358, 29.3500213623, 29.7099323273, 30.0698413849, 30.4181404114, 30.7896595001, 31.1611785889, 31.5210876465, 31.8809967041, 32.2292976379, 32.5892066956, 32.9491157532, 33.3090248108, 33.6573219299, 34.0172348022, 34.3539237976, 34.7138328552, 35.0737419128, 35.4104309082, 35.7703399658, 36.1302490234, 36.5017662048, 36.8616790771, 37.2215881348, 37.5698852539, 37.8949661255, 38.2432632446, 38.5915641785, 38.9630813599, 39.334602356, 39.7293434143, 40.1124725342, 40.4839897156, 40.8438987732, 41.2038078308, 41.5637168884, 41.9352378845, 42.3067550659, 42.6666641235, 43.0381851196, 43.3864860535, 43.7463951111, 44.0946922302, 44.4546012878, 44.8145103455, 45.1628112793, 45.5111083984, 45.8710212708, 46.2425384521, 46.625667572, 47.0087966919, 47.3687057495, 47.7170066833, 48.0653038025, 48.4136047363, 48.7619056702, 49.0985946655, 49.4352836609, 49.78358078, 50.1202697754, 50.4569587708, 50.8052597046, 51.1419487, 51.4786376953, 51.8269386292, 52.3377761841, 52.8486175537, 53.3710632324, 53.8935127258, 54.4043540955, 54.9151916504, 55.4260292053, 55.9484786987, 56.4709281921, 56.9817695618, 57.5042152405, 58.0498847961, 58.583946228, 59.129611969, 59.6752815247, 60.2093429565, 60.7782287598, 61.3355102539, 61.8811798096, 62.5545578003, 63.227935791, 63.9129257202, 64.5979156494, 65.2828979492, 65.9678878784, 66.6528778076, 67.3146438599, 67.9764175415, 68.6614074707, 69.3463897705, 70.0197753906, 70.7047576904, 71.3781356812, 72.0399093628, 72.701675415, 73.3750534058, 74.0368270874, 74.7218093872, 75.3951950073, 76.0917892456, 76.7883911133, 77.4733810425, 78.1583633423, 78.85496521, 79.5399551392, 80.2365493774, 80.9215393066, 81.6181411743, 82.3263473511, 83.0229492188, 83.7311553955, 84.4393615723, 85.1475753784, 85.8441696167, 86.5523757935, 87.2489776611, 87.9571838379, 88.6537857056, 89.3387756348, 90.035369873, 90.7319717407, 91.4401779175, 92.1367797852, 92.8333740234, 93.5299758911, 94.2149658203, 94.8999557495, 95.6081619263, 96.316368103, 97.0129699707, 97.709564209, 98.4061660767, 99.1143722534, 99.8225860596, 100.519180298, 101.215782166, 101.912376404, 102.608978271, 103.328796387, 104.025398254, 104.721992493, 105.406982422, 106.10358429, 106.788566589, 107.485168457, 108.193374634, 108.90158844, 109.598182678, 110.306388855, 111.014602661, 111.711196899, 112.407798767, 113.104400635, 113.800994873, 114.485984802, 115.170974731, 115.86756897, 116.564170837, 117.283988953, 117.98059082, 118.677185059, 119.373786926, 120.093605042, 120.801811218, 121.510017395, 122.206619263, 122.90322113, 123.623039246, 124.331245422, 125.039451599, 125.759269714, 126.47908783, 127.175689697, 127.872291565, 128.568893433, 129.265487671, 129.985305786, 130.705123901, 131.424942017, 132.144760132, 132.852966309, 133.561172485, 134.257781982, 134.954376221, 135.662582397, 136.370788574, 137.078994751, 137.787200928, 138.495422363, 139.20362854, 139.911834717, 140.620040894, 141.339859009, 142.059677124, 142.791107178, 143.522537231, 144.253967285, 144.985397339, 145.728439331, 146.471466064, 147.19128418, 147.934326172, 148.642532349, 149.327529907, 150.024124146, 150.720718384, 151.428924561, 152.125534058, 152.833740234, 153.518722534, 154.203720093, 154.877090454, 155.573699951, 156.247070312, 156.932067871, 157.628662109, 158.336868286, 159.033462524, 159.730072021, 160.42666626, 161.123260498, 161.831466675, 162.539672852, 163.236282349, 163.932876587, 164.641082764, 165.337677002, 166.022674561, 166.70765686, 167.404266357, 168.112472534, 168.832290649, 169.563720703, 170.295150757, 171.003356934, 171.71156311, 172.408157349, 173.104751587, 173.801361084, 174.509567261, 175.217773438, 175.914367676, 176.622589111, 177.330795288, 178.027389526, 178.723983765, 179.420593262, 179.94303894, 180.465484619, 180.999542236, 181.533599854, 182.067657471, 182.601715088, 183.135772705, 183.658233643, 184.180679321, 184.714736938, 185.272018433, 185.782852173, 186.293685913, 186.781311035, 187.292144775, 187.802993774, 188.313827515, 188.824661255, 189.347122192, 189.869567871, 190.357177734, 190.844802856, 191.332427979, 191.703948975, 192.040634155, 192.377319336, 192.725616455, 193.085525513, 193.433822632, 193.78213501, 194.11882019, 194.455505371, 194.792190552, 195.140487671, 195.488800049, 195.848709106, 196.208618164, 196.568527222, 196.928436279, 197.276733398, 197.636642456, 197.996551514, 198.36807251, 198.739593506, 199.111114502, 199.482620239, 199.854141235, 200.225662231, 200.597183228, 200.968704224, 201.34022522, 201.711746216, 202.071655273, 202.431564331, 202.791473389, 203.151382446, 203.511291504, 203.871200562, 204.219497681, 204.5677948, 204.927703857, 205.287612915, 205.647521973, 206.019042969, 206.390563965, 206.750473022, 207.098770142, 207.447067261, 207.7837677, 208.143676758, 208.491973877, 208.840270996, 209.188568115, 209.525253296, 209.861953735, 210.210250854, 210.558547974, 210.906845093, 211.26675415, 211.626663208, 211.974960327, 212.323257446, 212.671554565, 213.031463623, 213.391372681, 213.751281738, 214.122802734, 214.505935669, 214.900680542, 215.283798218, 215.690155029, 216.108108521, 216.526077271, 217.060134888, 217.594192505, 218.116638184, 218.673919678, 219.231201172, 219.788482666, 220.403808594, 221.019134521, 221.634460449, 222.249786377, 222.876724243, 223.49206543],
    "bpm_histogram": [0, 0, 0, 0, 0, 0, 0, 0, 0, 0, 0, 0, 0, 0, 0, 0, 0, 0, 0, 0, 0, 0, 0, 0, 0, 0, 0, 0, 0, 0, 0, 0, 0, 0, 0, 0, 0, 0, 0, 0, 0, 0, 0, 0, 0, 0, 0, 0, 0, 0, 0, 0, 0, 0, 0, 0, 0, 0, 0, 0, 0, 0, 0, 0, 0, 0, 0, 0, 0, 0, 0, 0, 0, 0, 0, 0, 0, 0, 0, 0, 0, 0.00681818183511, 0.0136363636702, 0.0318181812763, 0, 0.0977272763848, 0.143181815743, 0, 0.0590909086168, 0.0181818176061, 0, 0.0113636367023, 0, 0, 0, 0, 0.00227272720076, 0, 0.0113636367023, 0, 0, 0, 0, 0, 0, 0.00227272720076, 0, 0, 0.0113636367023, 0, 0.00909090880305, 0, 0.0227272734046, 0, 0, 0.0272727273405, 0, 0.0272727273405, 0, 0, 0, 0, 0, 0.00909090880305, 0, 0, 0, 0, 0, 0, 0, 0, 0, 0, 0, 0, 0, 0, 0, 0, 0, 0, 0, 0, 0.00454545440152, 0, 0, 0, 0.00227272720076, 0, 0, 0, 0.00454545440152, 0, 0, 0, 0, 0.0136363636702, 0, 0, 0, 0.0568181835115, 0.00227272720076, 0, 0, 0, 0, 0.125, 0, 0, 0, 0, 0.127272725105, 0, 0, 0, 0, 0, 0.131818175316, 0, 0, 0, 0, 0, 0, 0.0227272734046, 0, 0, 0, 0, 0, 0.00454545440152, 0, 0, 0, 0, 0, 0, 0, 0, 0, 0, 0, 0, 0, 0, 0, 0, 0, 0, 0, 0, 0, 0, 0, 0, 0, 0, 0, 0, 0, 0, 0, 0, 0, 0, 0, 0, 0, 0, 0, 0, 0, 0, 0, 0, 0, 0, 0, 0, 0, 0, 0, 0, 0, 0, 0, 0, 0, 0]
},
"tonal": {
    "chords_changes_rate": 0.060894779861,
    "chords_number_rate": 0.00186412595212,
    "chords_strength": {
        "mean": 0.518208861351,
        "stdev": 0.0969190448523
    },
    "hpcp_crest": {
        "mean": 16.3023605347,
        "stdev": 7.85506820679
    },
    "hpcp_entropy": {
        "mean": 1.73701870441,
        "stdev": 0.738658130169
    },
    "key_edma": {
        "strength": 0.740966618061,
        "key": "F#",
        "scale": "major"
    },
    "key_krumhansl": {
        "strength": 0.749882757664,
        "key": "F#",
        "scale": "major"
    },
    "key_temperley": {
        "strength": 0.761061191559,
        "key": "F#",
        "scale": "major"
    },
    "tuning_diatonic_strength": 0.622480213642,
    "tuning_equal_tempered_deviation": 0.119244419038,
    "tuning_frequency": 436.960693359,
    "tuning_nontempered_energy_ratio": 0.809051990509,
    "hpcp": {
        "mean": [0.0542299635708, 0.0412620082498, 0.0862796828151, 0.165446043015, 0.13464948535, 0.0839837044477, 0.127918571234, 0.0873000994325, 0.0320393890142, 0.0500571988523, 0.0493714548647, 0.0915180146694, 0.333285301924, 0.304820477962, 0.0655798763037, 0.0390449650586, 0.0336050018668, 0.117018841207, 0.228000342846, 0.151663303375, 0.0470571927726, 0.0335398204625, 0.0202182605863, 0.0361379720271, 0.0730547308922, 0.0735572949052, 0.0978911295533, 0.229514509439, 0.201501712203, 0.0660327076912, 0.0386710613966, 0.0387097671628, 0.0779687538743, 0.215357035398, 0.219542399049, 0.0959007441998],
        "stdev": [0.166812509298, 0.153367266059, 0.216884121299, 0.297651916742, 0.253513634205, 0.168941512704, 0.261021673679, 0.190963506699, 0.103982925415, 0.141141533852, 0.141493529081, 0.175880432129, 0.371439009905, 0.342789113522, 0.157731235027, 0.121211178601, 0.122749559581, 0.212303310633, 0.345227301121, 0.226444646716, 0.136090859771, 0.107792109251, 0.0879798904061, 0.104507908225, 0.147528216243, 0.158557683229, 0.205358192325, 0.326090425253, 0.294113814831, 0.175769835711, 0.123447433114, 0.120157875121, 0.173169314861, 0.330026060343, 0.331527888775, 0.217871189117]
    },
    "chords_histogram": [26.988401413, 6.40016555786, 23.4051361084, 0.0207125097513, 5.1988401413, 0, 1.03562557697, 0.248550117016, 0.745650351048, 0, 0.352112680674, 0.352112680674, 0, 0, 0, 0, 0, 5.46810293198, 0.476387739182, 0.704225361347, 0, 2.77547645569, 12.5310688019, 13.2974319458],
    "thpcp": [1, 0.914593219757, 0.196767985821, 0.117151774466, 0.100829534233, 0.351107120514, 0.68409961462, 0.455055475235, 0.141191929579, 0.100633963943, 0.0606635212898, 0.108429543674, 0.219195783138, 0.220703691244, 0.293715715408, 0.68864274025, 0.604592263699, 0.198126673698, 0.116029903293, 0.116146035492, 0.2339399755, 0.646164238453, 0.658722102642, 0.28774368763, 0.162713333964, 0.123803861439, 0.258876353502, 0.496409654617, 0.404006659985, 0.251987427473, 0.383811026812, 0.261938035488, 0.0961320176721, 0.150193244219, 0.148135706782, 0.274593621492],
    "chords_key": "F#",
    "chords_scale": "major"
}
}