{
"metadata": {
    "version": {
        "essentia": "2.1-beta6-dev",
        "essentia_git_sha": "v2.1_beta5-1177-g1d1cc983",
        "extractor": "music 2.0"
    },
    "audio_properties": {
        "analysis": {
            "equal_loudness": 0,
            "length": 199.874984741,
            "sample_rate": 44100,
            "start_time": 0,
            "downmix": "mix"
        },
        "bit_rate": 1536000,
        "length": 199.875,
        "lossless": 1,
        "number_channels": 2,
        "replay_gain": -13.4990882874,
        "sample_rate": 48000,
        "codec": "pcm_s16le",
        "md5_encoded": "87a82903081f468e08c8bb29cf05eb71"
    },
    "tags": {
        "file_name": "Sam Barber - Straight and Narrow.wav",
        "album": ["Restless Mind"],
        "artist": ["Sam Barber"],
        "audiosourcewebpage": [""],
        "composer": ["Lockeland Springs\/Atlantic"],
        "copyright": ["© 2024 Sam Barber under exclusive license to Lockeland Springs\/Atlantic Recording Corporation"],
        "date": ["2024-11-01"],
        "genre": ["country"],
        "isrc": ["USAT22304032"],
        "title": ["Straight and Narrow"],
        "tracknumber": ["25\/28"]
    }
},
"lowlevel": {
    "average_loudness": 0.614135503769,
    "barkbands_crest": {
        "mean": 11.3348731995,
        "stdev": 3.79529619217
    },
    "barkbands_flatness_db": {
        "mean": 0.1996871382,
        "stdev": 0.0635556206107
    },
    "barkbands_kurtosis": {
        "mean": 7.54028511047,
        "stdev": 12.4294614792
    },
    "barkbands_skewness": {
        "mean": 2.00155329704,
        "stdev": 1.4544107914
    },
    "barkbands_spread": {
        "mean": 15.325012207,
        "stdev": 12.293170929
    },
    "dissonance": {
        "mean": 0.440721780062,
        "stdev": 0.0459893755615
    },
    "dynamic_complexity": 7.17307472229,
    "erbbands_crest": {
        "mean": 9.44089698792,
        "stdev": 4.31525754929
    },
    "erbbands_flatness_db": {
        "mean": 0.204625830054,
        "stdev": 0.0647960454226
    },
    "erbbands_kurtosis": {
        "mean": 0.553610026836,
        "stdev": 3.27143001556
    },
    "erbbands_skewness": {
        "mean": 0.349953114986,
        "stdev": 0.834439694881
    },
    "erbbands_spread": {
        "mean": 39.1502418518,
        "stdev": 20.6853122711
    },
    "hfc": {
        "mean": 10.9002771378,
        "stdev": 16.8496894836
    },
    "loudness_ebu128": {
        "integrated": -13.0345640182,
        "loudness_range": 11.0931539536,
        "momentary": {
            "mean": -17.2022285461,
            "stdev": 9.51794815063
        },
        "short_term": {
            "mean": -15.4584817886,
            "stdev": 6.04338645935
        }
    },
    "melbands_crest": {
        "mean": 16.1745891571,
        "stdev": 5.07028675079
    },
    "melbands_flatness_db": {
        "mean": 0.262969851494,
        "stdev": 0.0821545869112
    },
    "melbands_kurtosis": {
        "mean": 18.7053089142,
        "stdev": 22.0539360046
    },
    "melbands_skewness": {
        "mean": 3.11393785477,
        "stdev": 1.97761750221
    },
    "melbands_spread": {
        "mean": 16.7589626312,
        "stdev": 16.4743938446
    },
    "pitch_salience": {
        "mean": 0.510461449623,
        "stdev": 0.123492278159
    },
    "silence_rate_20dB": {
        "mean": 1,
        "stdev": 0
    },
    "silence_rate_30dB": {
        "mean": 1,
        "stdev": 0
    },
    "silence_rate_60dB": {
        "mean": 0.302358001471,
        "stdev": 0.459284693003
    },
    "spectral_centroid": {
        "mean": 1013.68103027,
        "stdev": 651.245056152
    },
    "spectral_complexity": {
        "mean": 9.21465873718,
        "stdev": 6.34009027481
    },
    "spectral_decrease": {
        "mean": -3.03012681613e-09,
        "stdev": 3.24542326346e-09
    },
    "spectral_energy": {
        "mean": 0.0124250352383,
        "stdev": 0.0136174745858
    },
    "spectral_energyband_high": {
        "mean": 0.000107090942038,
        "stdev": 0.000300358457025
    },
    "spectral_energyband_low": {
        "mean": 0.00197288906202,
        "stdev": 0.00247334223241
    },
    "spectral_energyband_middle_high": {
        "mean": 0.00457423646003,
        "stdev": 0.00888209696859
    },
    "spectral_energyband_middle_low": {
        "mean": 0.00661820312962,
        "stdev": 0.00717595824972
    },
    "spectral_entropy": {
        "mean": 6.8604183197,
        "stdev": 0.628606498241
    },
    "spectral_flux": {
        "mean": 0.041778549552,
        "stdev": 0.0354830138385
    },
    "spectral_kurtosis": {
        "mean": 9.08994197845,
        "stdev": 12.402425766
    },
    "spectral_rms": {
        "mean": 0.00295740063302,
        "stdev": 0.00183733692393
    },
    "spectral_rolloff": {
        "mean": 1080.75549316,
        "stdev": 1239.88586426
    },
    "spectral_skewness": {
        "mean": 1.89377903938,
        "stdev": 1.09689283371
    },
    "spectral_spread": {
        "mean": 3516962,
        "stdev": 1701577.875
    },
    "spectral_strongpeak": {
        "mean": 0.96374386549,
        "stdev": 1.52879190445
    },
    "zerocrossingrate": {
        "mean": 0.0439614206553,
        "stdev": 0.0318636335433
    },
    "barkbands": {
        "mean": [1.09852385322e-06, 0.000232465899899, 0.0010334047256, 0.0013388376683, 0.0019075460732, 0.000695579627063, 0.00115281937178, 0.000934388895985, 0.000301698572002, 0.000546537921764, 0.000615293567535, 0.000953695678618, 0.000665486615617, 0.000317626923788, 0.000208493816899, 0.000402424891945, 0.000325209170114, 0.000207822566153, 0.00032355208532, 0.000173672859091, 1.94788317458e-05, 2.30498972087e-05, 1.8776194338e-05, 1.88663634617e-05, 5.53931522518e-06, 1.60678780503e-06, 1.00697882033e-07],
        "stdev": [2.7095063615e-06, 0.000462743861135, 0.00152569683269, 0.0019741540309, 0.00273906858638, 0.00130501727108, 0.003332255641, 0.00315276859328, 0.000995910610072, 0.00186505448073, 0.00219697598368, 0.00382631178945, 0.0022378845606, 0.00133224856108, 0.000692340603564, 0.00151689874474, 0.000898598867934, 0.000928132329136, 0.000804657756817, 0.00056284252787, 4.51776468253e-05, 8.24023518362e-05, 8.51848817547e-05, 9.47773442022e-05, 2.62195953837e-05, 8.12242251413e-06, 5.47845161236e-07]
    },
    "erbbands": {
        "mean": [0.00125226378441, 0.0870743095875, 0.992732226849, 3.15718388557, 5.00302457809, 6.83837985992, 6.44906711578, 6.02533245087, 11.1420602798, 22.6009635925, 15.8953294754, 8.79745483398, 17.296792984, 22.1308403015, 21.5070037842, 44.297290802, 30.7574119568, 20.0749092102, 14.4151725769, 16.8465499878, 18.9162807465, 16.6520214081, 13.4643068314, 9.95397090912, 20.3206920624, 6.94109487534, 1.02581727505, 0.746439218521, 0.814121365547, 0.708084046841, 0.554255008698, 0.41411331296, 0.300826609135, 0.0931964069605, 0.0222458690405, 0.00911692716181, 0.002455328824, 0.000329483766109, 2.51486362686e-05, 1.57893318828e-05],
        "stdev": [0.002171310829, 0.15650741756, 1.46085190773, 4.21133327484, 6.92304420471, 11.7301836014, 18.3206253052, 10.1207742691, 27.5435085297, 60.2113418579, 52.9152336121, 25.4105529785, 64.6177902222, 77.2774505615, 77.2657546997, 181.290527344, 98.5263900757, 69.4247741699, 52.2198562622, 70.4016799927, 54.8176727295, 43.0128288269, 53.2444458008, 27.2597827911, 52.6345100403, 19.4218387604, 1.7892036438, 2.01579523087, 2.97843289375, 2.37937474251, 2.81919503212, 2.16480755806, 1.54238152504, 0.457856327295, 0.119380816817, 0.0476672016084, 0.0129309874028, 0.00188472250011, 8.78904174897e-05, 1.74642063939e-05]
    },
    "gfcc": {
        "mean": [-125.312347412, 125.376266479, -129.484970093, 30.3362789154, -55.0866203308, -2.86591124535, -43.5574035645, -10.2064123154, -27.8788928986, -16.8229694366, -12.7839174271, -15.9334363937, -15.2504396439],
        "cov": [[19749.2421875, -941.647460938, -4087.13623047, 463.74041748, -669.720092773, -169.807678223, -601.543884277, 546.857299805, -409.418457031, -509.157928467, 16.7050552368, -428.020843506, -190.053970337], [-941.647460938, 1805.58239746, -93.0923843384, -406.15914917, 282.662994385, -255.554275513, 288.366149902, -223.892578125, 155.096633911, -138.408447266, 130.545669556, -116.59462738, 96.0765762329], [-4087.13623047, -93.0923843384, 1733.5111084, 181.511566162, 67.0501708984, 261.593200684, 29.026638031, -43.7582092285, 97.6196746826, 270.399139404, -132.745101929, 182.354293823, 10.5378389359], [463.74041748, -406.15914917, 181.511566162, 753.548278809, -18.2943630219, 146.724716187, -79.3150177002, -46.6004180908, 90.7492141724, 81.7605209351, -142.015991211, 18.8229846954, 62.8372077942], [-669.720092773, 282.662994385, 67.0501708984, -18.2943630219, 337.43145752, -53.1972999573, 27.9353408813, -1.02044093609, 53.9240989685, 41.9859619141, 26.4590740204, -6.82257986069, 21.6936798096], [-169.807678223, -255.554275513, 261.593200684, 146.724716187, -53.1972999573, 425.707946777, 87.3070526123, -50.4410743713, -12.1660842896, 49.1729774475, -53.8869400024, 16.8077964783, 1.80336213112], [-601.543884277, 288.366149902, 29.026638031, -79.3150177002, 27.9353408813, 87.3070526123, 272.520629883, -41.3556175232, 3.28744602203, -49.1441192627, 34.585899353, 0.760693132877, 23.1321144104], [546.857299805, -223.892578125, -43.7582092285, -46.6004180908, -1.02044093609, -50.4410743713, -41.3556175232, 205.136505127, -35.6108207703, 8.48073005676, 19.5518760681, 14.4963521957, -25.8266105652], [-409.418457031, 155.096633911, 97.6196746826, 90.7492141724, 53.9240989685, -12.1660842896, 3.28744602203, -35.6108207703, 127.66242218, 36.1999168396, -28.5962924957, -16.0948963165, 21.455581665], [-509.157928467, -138.408447266, 270.399139404, 81.7605209351, 41.9859619141, 49.1729774475, -49.1441192627, 8.48073005676, 36.1999168396, 153.026565552, -28.3834991455, 25.749994278, -15.7951574326], [16.7050552368, 130.545669556, -132.745101929, -142.015991211, 26.4590740204, -53.8869400024, 34.585899353, 19.5518760681, -28.5962924957, -28.3834991455, 142.489028931, 6.47308969498, -22.2487602234], [-428.020843506, -116.59462738, 182.354293823, 18.8229846954, -6.82257986069, 16.8077964783, 0.760693132877, 14.4963521957, -16.0948963165, 25.749994278, 6.47308969498, 111.590293884, -3.54980278015], [-190.053970337, 96.0765762329, 10.5378389359, 62.8372077942, 21.6936798096, 1.80336213112, 23.1321144104, -25.8266105652, 21.455581665, -15.7951574326, -22.2487602234, -3.54980278015, 83.5799636841]],
        "icov": [[0.000240529479925, -0.000434447487351, 0.000662104168441, -0.000448729319032, 0.000389230262954, -0.000497379456647, 0.000615931698121, -0.000896401412319, 0.000653307070024, -0.000189454789506, 0.00045983295422, -0.000193977277377, 0.000673133181408], [-0.000434447487351, 0.00266132527031, -0.00154424190987, 0.00161761220079, -0.00156148674432, 0.00194220861886, -0.00237191631459, 0.00325502315536, -0.00298166763969, 0.00150213367306, -0.00181686517317, 0.00182262598537, -0.00239986204542], [0.000662104168441, -0.00154424190987, 0.00300793070346, -0.00116463983431, 0.00117365922779, -0.00193894922268, 0.00166811584495, -0.00264444248751, 0.00158830429427, -0.00225651217625, 0.002261251444, -0.00241779419594, 0.00190052285325], [-0.000448729319032, 0.00161761220079, -0.00116463983431, 0.00324728479609, -0.000972147216089, 0.000643321196549, -0.00102254806552, 0.00243601552211, -0.00319169578142, 0.000292980403174, -4.03701642426e-06, 0.000234927269048, -0.00301658944227], [0.000389230262954, -0.00156148674432, 0.00117365922779, -0.000972147216089, 0.00464300531894, -0.000747179379687, 0.0010252147913, -0.00236517703161, 0.000755298417062, -0.00223139626905, 0.000249304517638, -0.000570992822759, 0.000485871249111], [-0.000497379456647, 0.00194220861886, -0.00193894922268, 0.000643321196549, -0.000747179379687, 0.00512575963512, -0.00358330062591, 0.003343205899, -0.000814209750388, -2.36419455177e-05, -0.000875635829289, 0.00184678670485, -0.00144476699643], [0.000615931698121, -0.00237191631459, 0.00166811584495, -0.00102254806552, 0.0010252147913, -0.00358330062591, 0.0076663014479, -0.0029202089645, 0.00191286229528, 0.00104897795245, 0.000493506377097, -0.00169511535205, 0.00123924249783], [-0.000896401412319, 0.00325502315536, -0.00264444248751, 0.00243601552211, -0.00236517703161, 0.003343205899, -0.0029202089645, 0.0103864800185, -0.00253636855632, 0.00100116245449, -0.00269379746169, 0.00137438077945, -0.00253703584895], [0.000653307070024, -0.00298166763969, 0.00158830429427, -0.00319169578142, 0.000755298417062, -0.000814209750388, 0.00191286229528, -0.00253636855632, 0.0149370739236, -0.00373797025532, 0.00290353642777, 0.000727052683942, 0.00188366079237], [-0.000189454789506, 0.00150213367306, -0.00225651217625, 0.000292980403174, -0.00223139626905, -2.36419455177e-05, 0.00104897795245, 0.00100116245449, -0.00373797025532, 0.012681607157, -0.00116611260455, 0.000863459601533, 0.00158784992527], [0.00045983295422, -0.00181686517317, 0.002261251444, -4.03701642426e-06, 0.000249304517638, -0.000875635829289, 0.000493506377097, -0.00269379746169, 0.00290353642777, -0.00116611260455, 0.0117009077221, -0.0032037938945, 0.00385022116825], [-0.000193977277377, 0.00182262598537, -0.00241779419594, 0.000234927269048, -0.000570992822759, 0.00184678670485, -0.00169511535205, 0.00137438077945, 0.000727052683942, 0.000863459601533, -0.0032037938945, 0.0135902427137, -0.00170491309837], [0.000673133181408, -0.00239986204542, 0.00190052285325, -0.00301658944227, 0.000485871249111, -0.00144476699643, 0.00123924249783, -0.00253703584895, 0.00188366079237, 0.00158784992527, 0.00385022116825, -0.00170491309837, 0.0178293976933]]
    },
    "melbands": {
        "mean": [3.32863019139e-05, 0.000395175360609, 0.000595603778493, 0.000417292467318, 0.000248297030339, 0.000128989777295, 0.000202922368771, 0.000252804718912, 0.000105308914499, 5.48600582988e-05, 8.34958846099e-05, 8.36291728774e-05, 6.71575689921e-05, 0.000121873548778, 6.61373560433e-05, 7.14534835424e-05, 3.27495363308e-05, 2.48207070399e-05, 1.44228879435e-05, 3.12274532916e-05, 2.10113703361e-05, 1.78497539309e-05, 1.38008290378e-05, 1.01574187283e-05, 6.74490593155e-06, 1.60069885169e-05, 1.2035789041e-05, 2.66559459305e-06, 5.60463831789e-07, 4.33800579458e-07, 4.17901446781e-07, 4.03656997605e-07, 5.32860610747e-07, 3.44995953583e-07, 3.47246356114e-07, 2.5148293048e-07, 2.50897812748e-07, 2.48393007496e-07, 1.28855191406e-07, 5.71235325708e-08],
        "stdev": [6.62212987663e-05, 0.000554248690605, 0.000758737733122, 0.000551629229449, 0.000607790250797, 0.000225408512051, 0.000537963875104, 0.000675972900353, 0.000361733982572, 0.000169944178197, 0.00032397772884, 0.000295500038192, 0.000243142188992, 0.000478463858599, 0.000250455486821, 0.000234804858337, 0.000127881125081, 9.99239782686e-05, 4.95293606946e-05, 0.000129652471514, 6.26871842542e-05, 4.71727762488e-05, 4.53142311017e-05, 5.04477211507e-05, 1.91402305063e-05, 4.24334466516e-05, 3.77957148885e-05, 7.54662323743e-06, 1.08528934106e-06, 1.16031048947e-06, 1.32959235088e-06, 1.51465701492e-06, 2.09087829717e-06, 1.15105854093e-06, 1.86692648185e-06, 1.22202493458e-06, 1.41956616062e-06, 1.27266991967e-06, 7.15813712304e-07, 2.78301826029e-07]
    },
    "melbands128": {
        "mean": [5.13977852279e-07, 4.78205663512e-07, 9.79779542831e-06, 0.000161709089298, 0.000434240093455, 0.000512658676598, 0.000653936062008, 0.000647979031783, 0.000489016121719, 0.000390087312553, 0.000404960097512, 0.000306673115119, 0.000242023903411, 0.000110429784399, 0.000150131672854, 0.000126963379444, 9.08353104023e-05, 0.000202895476832, 0.00039592050598, 0.000210796977626, 0.000240026056417, 0.000189497557585, 8.727650129e-05, 1.63749791682e-05, 5.16273503308e-05, 6.78589130985e-05, 6.15972021478e-05, 0.000124940197566, 5.79657244089e-05, 4.13552697864e-05, 0.000128742569359, 0.000100549856143, 4.45380683232e-05, 6.49474386591e-05, 5.51464254386e-05, 0.000208915647818, 0.00012277487258, 2.82358450931e-05, 4.83786025143e-05, 8.13278238638e-05, 8.71237498359e-05, 4.20208380092e-05, 2.541824324e-05, 3.35086260748e-05, 2.98202612612e-05, 2.41699599428e-05, 1.91421167983e-05, 9.61783280218e-06, 1.12103298306e-05, 2.71071658062e-05, 4.52455897175e-05, 2.36131891143e-05, 1.10340970423e-05, 2.97353126371e-05, 2.12406939681e-05, 1.18697280413e-05, 2.07414977922e-05, 1.37797251227e-05, 1.07992555058e-05, 1.47206528709e-05, 1.09568763946e-05, 6.87041938363e-06, 4.3735331019e-06, 6.94881964591e-06, 9.28605732042e-06, 2.03719791898e-05, 1.55690377142e-05, 1.63611621247e-05, 1.10703886094e-05, 6.80311086398e-06, 2.19555272452e-06, 1.10170481094e-06, 5.69814346818e-07, 5.07276809003e-07, 4.13518051801e-07, 4.32543771467e-07, 4.7439618811e-07, 3.91759527929e-07, 4.6624091965e-07, 3.86489688253e-07, 2.60832564436e-07, 4.20722557237e-07, 6.7766848133e-07, 5.59128352506e-07, 4.27714496709e-07, 3.19263847359e-07, 2.99833743611e-07, 4.26558329991e-07, 3.74931033775e-07, 2.78902916762e-07, 2.50733620533e-07, 2.36346934912e-07, 2.51315071864e-07, 2.61193150664e-07, 2.32666351963e-07, 2.99439193441e-07, 2.66630706847e-07, 1.46986693039e-07, 1.35675776392e-07, 1.20500018852e-07, 7.9253460683e-08, 4.57091786643e-08, 2.98868378934e-08, 2.84310726073e-08, 2.23516867237e-08, 1.80833463759e-08, 1.87243109906e-08, 1.92045668257e-08, 1.60812962946e-08, 1.24186385619e-08, 1.16813101414e-08, 9.56932755258e-09, 6.79581768637e-09, 5.36077804369e-09, 4.85187356958e-09, 3.24872151403e-09, 1.60087032519e-09, 8.1085888004e-10, 6.42999986589e-10, 4.10831701991e-10, 3.02877639635e-10, 2.17585158224e-10, 1.76989992107e-10, 1.63361088545e-10, 8.6566510904e-11, 9.6274585526e-12, 1.47980878853e-12, 1.46842444888e-12],
        "stdev": [1.20851200336e-06, 1.25241979276e-06, 2.21748796321e-05, 0.000321851490298, 0.000730613770429, 0.000757618108764, 0.000930809765123, 0.00102210626937, 0.00082755938638, 0.000668487045914, 0.000818963570055, 0.000938501500059, 0.000870115822181, 0.000284198729787, 0.000285470770905, 0.000381909310818, 0.000340648315614, 0.00064881023718, 0.00132995878812, 0.000751063344069, 0.00103476201184, 0.000809630786534, 0.00037467625225, 0.000153561763, 0.000209210280445, 0.000260674918536, 0.000306328292936, 0.00059027178213, 0.000308815593598, 0.000189722806681, 0.000593504984863, 0.000436389818788, 0.00026360451011, 0.000454028369859, 0.000283989968011, 0.00097497535171, 0.00065040908521, 0.000241631845711, 0.000321537459968, 0.000356906472007, 0.000369043031242, 0.000243406568188, 0.000150507694343, 0.000182489864528, 0.000175280772964, 0.000137284718221, 8.3934624854e-05, 4.69365586468e-05, 4.89355334139e-05, 0.000220542075112, 0.000213948063902, 0.000113051180961, 6.45180116408e-05, 0.000115353592264, 0.000101348719909, 4.48534592579e-05, 7.1912749263e-05, 6.66399209877e-05, 4.76058157801e-05, 7.54337670514e-05, 7.08822190063e-05, 4.14368696511e-05, 1.88615904335e-05, 2.58312429651e-05, 3.30556795234e-05, 6.87768697389e-05, 5.48741481907e-05, 6.07291003689e-05, 4.69718506793e-05, 2.68425865215e-05, 7.0864512054e-06, 2.72920783573e-06, 1.29423904127e-06, 1.26291388369e-06, 1.06123547994e-06, 1.39721237247e-06, 1.59436285685e-06, 1.23018116938e-06, 1.93956657313e-06, 1.57291617597e-06, 1.17077036066e-06, 2.00828958441e-06, 2.58189174929e-06, 2.77018989436e-06, 1.54906251737e-06, 1.01283876575e-06, 1.09725624498e-06, 2.27168493439e-06, 2.0900574782e-06, 1.97598205887e-06, 1.33274238578e-06, 1.09392885861e-06, 1.58267778261e-06, 1.71079432221e-06, 1.45742569657e-06, 1.3892156403e-06, 1.53001190029e-06, 1.04556613678e-06, 7.43836892525e-07, 6.48196419206e-07, 4.28348556625e-07, 2.19083645447e-07, 1.65591487189e-07, 1.81753748052e-07, 1.65777450434e-07, 1.104222207e-07, 1.36526765004e-07, 1.05829023767e-07, 8.59853273028e-08, 7.24377144934e-08, 6.54818705925e-08, 5.66295739191e-08, 4.22681303291e-08, 2.95509909876e-08, 2.76063918392e-08, 2.2237044206e-08, 1.15155458502e-08, 5.21214182925e-09, 3.67975139248e-09, 1.93877403021e-09, 1.45223255643e-09, 1.15061371542e-09, 1.00502262068e-09, 1.03880970492e-09, 6.05462957548e-10, 7.83015804973e-11, 3.44311753588e-12, 3.42135477935e-12]
    },
    "mfcc": {
        "mean": [-758.478515625, 146.172393799, -12.0195293427, 26.8954353333, 6.62800836563, 0.431057423353, -4.51360321045, -0.82600659132, -16.0329589844, -2.29023170471, -12.4729690552, -6.9126329422, -3.5087685585],
        "cov": [[15275.1884766, -477.034942627, -2254.39599609, -132.344558716, -158.280502319, -699.602233887, -41.5233001709, 354.151580811, -537.460388184, 337.74822998, -327.897705078, -63.7658348083, 56.0340652466], [-477.034942627, 1994.04650879, -421.941223145, -119.553375244, -100.905471802, -157.560852051, 54.5405883789, -5.16291713715, -85.2944107056, 27.8994674683, -74.9711761475, 12.704957962, 38.4422264099], [-2254.39599609, -421.941223145, 1272.96252441, 154.205947876, 77.9455566406, 396.010894775, -15.0604915619, -78.4909973145, 291.78326416, -145.438735962, 161.194107056, 7.33398675919, -20.9818019867], [-132.344558716, -119.553375244, 154.205947876, 487.480377197, 137.621047974, 76.7637863159, -113.211486816, -52.7179222107, 111.85748291, -22.2872314453, 25.7043838501, -15.8191766739, 15.0859079361], [-158.280502319, -100.905471802, 77.9455566406, 137.621047974, 311.372528076, 18.3705806732, -50.1294822693, -55.6596565247, 28.9942092896, 62.2514877319, 25.0668792725, 3.20442676544, 2.18163180351], [-699.602233887, -157.560852051, 396.010894775, 76.7637863159, 18.3705806732, 467.112945557, 40.1919746399, -35.067440033, 174.797561646, -67.76953125, 127.781600952, -22.0862197876, -63.8467063904], [-41.5233001709, 54.5405883789, -15.0604915619, -113.211486816, -50.1294822693, 40.1919746399, 213.849105835, 67.5370101929, 0.0277084037662, -3.62700247765, 8.88385391235, 51.4177207947, 9.96057415009], [354.151580811, -5.16291713715, -78.4909973145, -52.7179222107, -55.6596565247, -35.067440033, 67.5370101929, 166.630554199, -32.9784355164, -0.725679934025, -2.55190777779, -0.202078610659, 39.4198570251], [-537.460388184, -85.2944107056, 291.78326416, 111.85748291, 28.9942092896, 174.797561646, 0.0277084037662, -32.9784355164, 263.379211426, -28.1498584747, 45.88123703, -11.9031467438, -32.6221084595], [337.74822998, 27.8994674683, -145.438735962, -22.2872314453, 62.2514877319, -67.76953125, -3.62700247765, -0.725679934025, -28.1498584747, 160.893890381, -3.54959106445, -0.630867481232, 6.66969347], [-327.897705078, -74.9711761475, 161.194107056, 25.7043838501, 25.0668792725, 127.781600952, 8.88385391235, -2.55190777779, 45.88123703, -3.54959106445, 133.124252319, 9.27534294128, -7.42491483688], [-63.7658348083, 12.704957962, 7.33398675919, -15.8191766739, 3.20442676544, -22.0862197876, 51.4177207947, -0.202078610659, -11.9031467438, -0.630867481232, 9.27534294128, 113.176887512, 27.824804306], [56.0340652466, 38.4422264099, -20.9818019867, 15.0859079361, 2.18163180351, -63.8467063904, 9.96057415009, 39.4198570251, -32.6221084595, 6.66969347, -7.42491483688, 27.824804306, 128.54246521]],
        "icov": [[0.000100037337688, 6.12497969996e-05, 0.00017573297373, -3.53139039362e-05, 3.4604287066e-05, -3.2887353882e-05, 5.77910104766e-05, -0.000156427588081, 1.96673008759e-05, -8.8598295406e-05, 8.54414683999e-05, -9.66031257121e-06, 1.40890606417e-05], [6.12497969996e-05, 0.000599191349465, 0.000294958183076, 3.14672724926e-05, 0.000149572297232, 3.70011621271e-05, -0.000143625293276, 0.000191254541278, -7.85036900197e-05, -8.62957585923e-06, 8.49815114634e-05, 6.00990169914e-05, -0.000220701316721], [0.00017573297373, 0.000294958183076, 0.00179916666821, 0.000105122606328, -0.000241040586843, -0.00056601956021, 0.00026168092154, 0.000125887891045, -0.00102598639205, 0.000909144931938, -0.000665446044877, -0.000177004621946, -0.000527085794602], [-3.53139039362e-05, 3.14672724926e-05, 0.000105122606328, 0.00307143619284, -0.00116719375364, -0.000289631803753, 0.00150033517275, 1.27128405438e-05, -0.00119717151392, 0.000778975372668, 7.40135101296e-06, -0.000211962862522, -0.000879465253092], [3.4604287066e-05, 0.000149572297232, -0.000241040586843, -0.00116719375364, 0.00447407644242, 2.35909392359e-05, 0.000110863438749, 0.000973680813331, 0.000296473474009, -0.00214375578798, -0.000315856275847, -0.000242663052632, -0.000112824782263], [-3.2887353882e-05, 3.70011621271e-05, -0.00056601956021, -0.000289631803753, 2.35909392359e-05, 0.0045670112595, -0.00151837186422, 0.000688783300575, -0.00138372858055, 0.00103746517561, -0.0031140355859, 0.00136604451109, 0.00123874889687], [5.77910104766e-05, -0.000143625293276, 0.00026168092154, 0.00150033517275, 0.000110863438749, -0.00151837186422, 0.00766527839005, -0.0030691458378, -0.000553300371394, -0.00027807688457, 0.000774549727794, -0.00371811166406, 0.000199163769139], [-0.000156427588081, 0.000191254541278, 0.000125887891045, 1.27128405438e-05, 0.000973680813331, 0.000688783300575, -0.0030691458378, 0.00875288713723, 0.000165613528225, 0.000412628811318, -0.00124685838819, 0.00216459925286, -0.00261072465219], [1.96673008759e-05, -7.85036900197e-05, -0.00102598639205, -0.00119717151392, 0.000296473474009, -0.00138372858055, -0.000553300371394, 0.000165613528225, 0.00629710173234, -0.000750828359742, 0.000630819704384, 0.000277122569969, 0.000901212217286], [-8.8598295406e-05, -8.62957585923e-06, 0.000909144931938, 0.000778975372668, -0.00214375578798, 0.00103746517561, -0.00027807688457, 0.000412628811318, -0.000750828359742, 0.00844218116254, -0.00161221460439, 0.000565008434933, -0.000299140869174], [8.54414683999e-05, 8.49815114634e-05, -0.000665446044877, 7.40135101296e-06, -0.000315856275847, -0.0031140355859, 0.000774549727794, -0.00124685838819, 0.000630819704384, -0.00161221460439, 0.0114001603797, -0.0017182888696, -0.000116975475976], [-9.66031257121e-06, 6.00990169914e-05, -0.000177004621946, -0.000211962862522, -0.000242663052632, 0.00136604451109, -0.00371811166406, 0.00216459925286, 0.000277122569969, 0.000565008434933, -0.0017182888696, 0.0115002514794, -0.00225848006085], [1.40890606417e-05, -0.000220701316721, -0.000527085794602, -0.000879465253092, -0.000112824782263, 0.00123874889687, 0.000199163769139, -0.00261072465219, 0.000901212217286, -0.000299140869174, -0.000116975475976, -0.00225848006085, 0.00998532027006]]
    },
    "spectral_contrast_coeffs": {
        "mean": [-0.645782232285, -0.693580150604, -0.71610212326, -0.740901947021, -0.732629001141, -0.767877876759],
        "stdev": [0.0832805484533, 0.0984409153461, 0.0966312140226, 0.0796946659684, 0.0874908268452, 0.0501180365682]
    },
    "spectral_contrast_valleys": {
        "mean": [-7.8033952713, -8.19099140167, -9.03236198425, -9.1517124176, -9.34579086304, -12.2005929947],
        "stdev": [1.32622122765, 1.36764371395, 1.45188748837, 1.51848316193, 1.53024327755, 1.45023334026]
    }
},
"rhythm": {
    "beats_count": 453,
    "beats_loudness": {
        "mean": 0.0151384016499,
        "stdev": 0.0140399569646
    },
    "bpm": 123.21181488,
    "bpm_histogram_first_peak_bpm": 123,
    "bpm_histogram_first_peak_weight": 0.53623187542,
    "bpm_histogram_second_peak_bpm": 157,
    "bpm_histogram_second_peak_spread": 0.412500023842,
    "bpm_histogram_second_peak_weight": 0.103982299566,
    "danceability": 0.916413903236,
    "onset_rate": 3.53696346283,
    "beats_loudness_band_ratio": {
        "mean": [0.441524744034, 0.221115767956, 0.145167440176, 0.121767096221, 0.0788977816701, 0.0496891178191],
        "stdev": [0.293367445469, 0.152097254992, 0.170281663537, 0.182202041149, 0.104805283248, 0.0903409644961]
    },
    "beats_position": [0.383129239082, 0.777868449688, 1.17260766029, 1.55573689938, 1.95047616959, 2.33360528946, 2.72834467888, 3.11147379875, 3.51782298088, 3.93578219414, 4.31891155243, 4.80653047562, 5.2941493988, 5.78176879883, 6.29260778427, 6.80344676971, 7.32589578629, 7.84834432602, 8.34757328033, 8.84680271149, 9.35764122009, 9.86848068237, 10.3560991287, 10.8321084976, 11.3081178665, 11.7841272354, 12.2601356506, 12.7477550507, 13.235373497, 13.722992897, 14.2106122971, 14.6866207123, 15.1742401123, 15.6734695435, 16.1726989746, 16.6719264984, 17.1827659607, 17.693605423, 18.2160549164, 18.7385025024, 19.2493419647, 19.7369613647, 20.2245807648, 20.7121982574, 21.1649875641, 21.6293869019, 22.0821762085, 22.5697956085, 23.0574150085, 23.5450344086, 24.0210418701, 24.497051239, 24.984670639, 25.4839000702, 25.9831295013, 26.470746994, 26.958366394, 27.4459857941, 27.9336051941, 28.3980045319, 28.8740139008, 29.3500213623, 29.7215423584, 30.0582313538, 30.3949203491, 30.7432193756, 31.0915184021, 31.4398174286, 31.7997264862, 32.1596374512, 32.5195465088, 32.8794555664, 33.2277526855, 33.5760536194, 33.935962677, 34.3190917969, 34.7138328552, 35.0969619751, 35.4684791565, 35.9561004639, 36.4437179565, 36.9313354492, 37.4421768188, 37.9530143738, 38.4754638672, 38.9746932983, 39.4507026672, 39.9383201599, 40.4259414673, 40.91355896, 41.4011802673, 41.9120178223, 42.4228553772, 42.9336967468, 43.4445343018, 43.9669837952, 44.5010414124, 45.0234909058, 45.5575485229, 46.0916099548, 46.625667572, 47.1597251892, 47.6937866211, 48.204624176, 48.7154655457, 49.2379112244, 49.7371406555, 50.2479820251, 50.7472114563, 51.2464370728, 51.7456665039, 52.2332878113, 52.720905304, 53.1969146729, 53.6845359802, 54.1721534729, 54.6597709656, 55.1473922729, 55.6350097656, 56.1342391968, 56.6799087524, 57.2139663696, 57.736415863, 58.2588653564, 58.7697029114, 59.280544281, 59.8029937744, 60.3254394531, 60.859500885, 61.3703384399, 61.8811798096, 62.3687973022, 62.7403144836, 63.1118354797, 63.4833564758, 63.8548736572, 64.2380065918, 64.621131897, 64.9926528931, 65.4106140137, 65.8285675049, 66.2465286255, 66.6528778076, 67.0708389282, 67.4771881104, 67.8835372925, 68.2898864746, 68.6497955322, 69.0213165283, 69.4044418335, 69.7991790771, 70.1590881348, 70.5306091309, 70.9137420654, 71.273651123, 71.6335601807, 72.0050811768, 72.3533782959, 72.6900634766, 73.0615844727, 73.4447174072, 73.8394546509, 74.245803833, 74.6405410767, 75.0468902588, 75.4416275024, 75.824760437, 76.2078933716, 76.5794067383, 76.9625396729, 77.3572769165, 77.7636260986, 78.1467590332, 78.5298843384, 78.9014053345, 79.2729263306, 79.6560516357, 80.0507888794, 80.410697937, 80.7706069946, 81.1305236816, 81.5020370483, 81.8735580444, 82.2334671021, 82.6166000366, 82.9997253418, 83.3944625854, 83.77759552, 84.1491165161, 84.4974136353, 84.8457107544, 85.205619812, 85.5655288696, 85.9254379272, 86.2853469849, 86.6452560425, 87.0051651001, 87.3766860962, 87.7365951538, 88.1081161499, 88.4912490845, 88.8627624512, 89.2226715088, 89.5825805664, 89.942489624, 90.3023986816, 90.6623077393, 91.0454406738, 91.4169616699, 91.7768707275, 92.1367797852, 92.4850769043, 92.8333740234, 93.1932830811, 93.5531921387, 93.9247131348, 94.2962341309, 94.6561431885, 95.0160522461, 95.3759613037, 95.7590942383, 96.130607605, 96.5021286011, 96.8620376587, 97.2219467163, 97.5818557739, 97.95337677, 98.3365097046, 98.7080230713, 99.0795440674, 99.4510650635, 99.9386825562, 100.426300049, 100.902313232, 101.378318787, 101.85433197, 102.330337524, 102.806350708, 103.282356262, 103.746757507, 104.234375, 104.721992493, 105.209609985, 105.685623169, 106.161628723, 106.649246216, 107.113647461, 107.578048706, 108.05405426, 108.530067444, 109.006072998, 109.482086182, 109.969703674, 110.445709229, 110.921722412, 111.409339905, 111.896957397, 112.38457489, 112.883804321, 113.371429443, 113.870658875, 114.358276367, 114.834281921, 115.310295105, 115.797912598, 116.28553009, 116.761543274, 117.237548828, 117.725166321, 118.224395752, 118.723625183, 119.106758118, 119.489883423, 119.873016357, 120.256141663, 120.639274597, 120.999183655, 121.359092712, 121.71900177, 122.067298889, 122.438819885, 122.810340881, 123.181854248, 123.564987183, 123.948112488, 124.319633484, 124.69115448, 125.051063538, 125.410972595, 125.79410553, 126.177230835, 126.711288452, 127.23374176, 127.756187439, 128.278640747, 128.824310303, 129.323532104, 129.822769165, 130.333602905, 130.856048584, 131.40171814, 131.912567139, 132.400177002, 132.887802124, 133.375411987, 133.863037109, 134.339050293, 134.815048218, 135.30267334, 135.790298462, 136.266296387, 136.730697632, 137.206710815, 137.694335938, 138.170333862, 138.657958984, 139.133972168, 139.621582031, 140.027938843, 140.434280396, 140.852249146, 141.293426514, 141.734603882, 142.17578125, 142.593734741, 143.011703491, 143.429656982, 143.847610474, 144.288803101, 144.71836853, 145.171157837, 145.623947144, 146.018676758, 146.390197754, 146.773330688, 147.156463623, 147.539596558, 147.934326172, 148.329071045, 148.735412598, 149.141769409, 149.524902344, 149.90802002, 150.291152954, 150.674285889, 151.045806885, 151.428924561, 151.928161621, 152.427383423, 152.938232422, 153.437454224, 153.936691284, 154.435913086, 154.946762085, 155.469207764, 155.980041504, 156.386398315, 156.815963745, 157.19909668, 157.570602417, 157.930511475, 158.313644409, 158.696777344, 159.056686401, 159.428207397, 159.799728394, 160.159637451, 160.542770386, 160.9375, 161.320632935, 161.680541992, 162.075286865, 162.470016479, 162.876373291, 163.259490967, 163.631011963, 164.025756836, 164.432098389, 164.826843262, 165.233200073, 165.627929688, 166.034286499, 166.45223999, 166.858596802, 167.253326416, 167.659683228, 168.182128906, 168.716186523, 169.227020264, 169.737869263, 170.237091064, 170.747940063, 171.258773804, 171.757995605, 172.292053223, 172.779678345, 173.290512085, 173.801361084, 174.300582886, 174.811431885, 175.310653687, 175.78666687, 176.285888672, 176.785125732, 177.284347534, 177.783584595, 178.271194458, 178.747207642, 179.234832764, 179.722442627, 180.210067749, 180.709289551, 181.208526611, 181.672927856, 182.137313843, 182.601715088, 183.066116333, 183.530517578, 183.983306885, 184.436096191, 184.900497437, 185.353286743, 185.817687988, 186.282089233, 186.758087158, 187.222488403, 187.686889648, 188.151290894, 188.615692139, 189.080093384, 189.54447937, 189.997268677, 190.450057983, 190.926071167, 191.402084351, 191.83164978, 192.24961853, 192.67918396, 193.10874939, 193.515090942, 193.933059692, 194.339401245, 194.780578613, 195.23336792, 195.674560547, 196.127349854, 196.568527222, 197.00970459, 197.462493896, 197.903671265, 198.356460571, 198.797637939, 199.250427246],
    "bpm_histogram": [0, 0, 0, 0, 0, 0, 0, 0, 0, 0, 0, 0, 0, 0, 0, 0, 0, 0, 0, 0, 0, 0, 0, 0, 0, 0, 0, 0, 0, 0, 0, 0, 0, 0, 0, 0, 0, 0, 0, 0, 0, 0, 0, 0, 0, 0, 0, 0, 0, 0, 0, 0, 0, 0, 0, 0, 0, 0, 0, 0, 0, 0, 0, 0, 0, 0, 0, 0, 0, 0, 0, 0, 0, 0, 0, 0, 0, 0, 0, 0, 0, 0, 0, 0, 0, 0, 0, 0, 0, 0, 0, 0, 0, 0, 0, 0, 0, 0, 0, 0, 0, 0, 0, 0, 0, 0, 0, 0, 0, 0, 0.00663716811687, 0, 0.0243362840265, 0, 0, 0.0398230105639, 0, 0.0707964599133, 0, 0, 0.0752212405205, 0, 0, 0.141592919827, 0, 0, 0.0884955748916, 0, 0, 0.0442477874458, 0, 0, 0, 0.030973451212, 0, 0, 0.0221238937229, 0, 0, 0, 0.0110619468614, 0, 0, 0, 0.0287610627711, 0, 0, 0, 0.0464601777494, 0, 0, 0, 0.048672568053, 0, 0, 0, 0, 0.103982299566, 0, 0, 0, 0.0730088502169, 0.015486725606, 0, 0, 0, 0, 0.097345136106, 0, 0, 0, 0, 0.0243362840265, 0, 0, 0, 0, 0, 0.00663716811687, 0, 0, 0, 0, 0, 0, 0, 0, 0, 0, 0, 0, 0, 0, 0, 0, 0, 0, 0, 0, 0, 0, 0, 0, 0, 0, 0, 0, 0, 0, 0, 0, 0, 0, 0, 0, 0, 0, 0, 0, 0, 0, 0, 0, 0, 0, 0, 0, 0, 0, 0, 0, 0, 0, 0, 0, 0, 0, 0, 0, 0, 0, 0, 0, 0, 0, 0, 0, 0, 0, 0]
},
"tonal": {
    "chords_changes_rate": 0.0469221845269,
    "chords_number_rate": 0.00232288031839,
    "chords_strength": {
        "mean": 0.537737846375,
        "stdev": 0.106243163347
    },
    "hpcp_crest": {
        "mean": 16.7783470154,
        "stdev": 8.21282196045
    },
    "hpcp_entropy": {
        "mean": 1.66911518574,
        "stdev": 0.75693821907
    },
    "key_edma": {
        "strength": 0.797477245331,
        "key": "Bb",
        "scale": "major"
    },
    "key_krumhansl": {
        "strength": 0.806219220161,
        "key": "Bb",
        "scale": "major"
    },
    "key_temperley": {
        "strength": 0.806730508804,
        "key": "Bb",
        "scale": "major"
    },
    "tuning_diatonic_strength": 0.643546402454,
    "tuning_equal_tempered_deviation": 0.0784175544977,
    "tuning_frequency": 438.477722168,
    "tuning_nontempered_energy_ratio": 0.669979095459,
    "hpcp": {
        "mean": [0.0985962450504, 0.0821054577827, 0.153471753001, 0.334428757429, 0.261685580015, 0.0715135186911, 0.0368038341403, 0.0275847613811, 0.0444662123919, 0.0806794166565, 0.0713978782296, 0.0387679822743, 0.0341928228736, 0.046096496284, 0.182842567563, 0.314904510975, 0.188859149814, 0.0793894380331, 0.0789579004049, 0.0415146350861, 0.0267859362066, 0.0294981729239, 0.0507558844984, 0.173147171736, 0.297298640013, 0.188194990158, 0.04988842085, 0.0374733805656, 0.0371989831328, 0.0943454876542, 0.162599548697, 0.126859232783, 0.0668117403984, 0.0471910946071, 0.0421448126435, 0.0710636749864],
        "stdev": [0.217551603913, 0.187551707029, 0.245335698128, 0.385596573353, 0.329230338335, 0.174498826265, 0.126326397061, 0.11108430475, 0.145034149289, 0.18934430182, 0.181392505765, 0.149959713221, 0.140087291598, 0.152090102434, 0.247818261385, 0.370007872581, 0.254410594702, 0.188381046057, 0.214447140694, 0.125010952353, 0.0980120822787, 0.0950642004609, 0.140992879868, 0.251649916172, 0.352013289928, 0.245451077819, 0.156315550208, 0.14381583035, 0.137271940708, 0.209748759866, 0.304564088583, 0.251229971647, 0.173213869333, 0.141752570868, 0.142405554652, 0.176820904016]
    },
    "chords_histogram": [65.1335678101, 2.16027879715, 1.04529619217, 0.0464576072991, 1.04529619217, 0, 4.43670129776, 0.0696864128113, 0.116144016385, 0.116144016385, 0.0696864128113, 0, 0, 0, 0, 0.627177715302, 0.627177715302, 3.15911722183, 0, 1.695702672, 0.0696864128113, 1.78861784935, 3.29849004745, 14.4947738647],
    "thpcp": [1, 0.782485306263, 0.213837832212, 0.110049851239, 0.0824832245708, 0.132961690426, 0.241245448589, 0.213492035866, 0.115922994912, 0.102242469788, 0.137836515903, 0.546730995178, 0.941619098186, 0.564721643925, 0.237388193607, 0.236097812653, 0.124135963619, 0.0800945982337, 0.088204652071, 0.151768893003, 0.51774007082, 0.888974487782, 0.562735676765, 0.149175032973, 0.112051911652, 0.111231409013, 0.282109379768, 0.486200869083, 0.379331111908, 0.199778690934, 0.14110955596, 0.126020297408, 0.212492719293, 0.294819891453, 0.245509564877, 0.458907157183],
    "chords_key": "Bb",
    "chords_scale": "major"
}
}