{
"metadata": {
    "version": {
        "essentia": "2.1-beta6-dev",
        "essentia_git_sha": "v2.1_beta5-1177-g1d1cc983",
        "extractor": "music 2.0"
    },
    "audio_properties": {
        "analysis": {
            "equal_loudness": 0,
            "length": 133.124984741,
            "sample_rate": 44100,
            "start_time": 0,
            "downmix": "mix"
        },
        "bit_rate": 1536000,
        "length": 133.125,
        "lossless": 1,
        "number_channels": 2,
        "replay_gain": -15.2286453247,
        "sample_rate": 48000,
        "codec": "pcm_s16le",
        "md5_encoded": "bfd93e8dcc4d4a0a8eaa1f92c2e1fe14"
    },
    "tags": {
        "file_name": "Shaboozey - Drink Dont Need No Mix (feat. BigXthaPlug).wav",
        "album": ["Where I've Been, Isn't Where I'm Going"],
        "artist": ["Shaboozey", "BigXthaPlug"],
        "audiosourcewebpage": [""],
        "composer": ["American Dogwood \/ EMPIRE"],
        "copyright": ["2024 American Dogwood \/ EMPIRE"],
        "date": ["2024-05-31"],
        "isrc": ["USUYG1541257"],
        "title": ["Drink Don't Need No Mix (feat. BigXthaPlug)"],
        "tracknumber": ["10\/12"]
    }
},
"lowlevel": {
    "average_loudness": 0.921516120434,
    "barkbands_crest": {
        "mean": 14.6769952774,
        "stdev": 6.16332101822
    },
    "barkbands_flatness_db": {
        "mean": 0.224759668112,
        "stdev": 0.115703508258
    },
    "barkbands_kurtosis": {
        "mean": 53.8994979858,
        "stdev": 363.345428467
    },
    "barkbands_skewness": {
        "mean": 2.29656457901,
        "stdev": 4.3660736084
    },
    "barkbands_spread": {
        "mean": 18.8505554199,
        "stdev": 20.736284256
    },
    "dissonance": {
        "mean": 0.44762006402,
        "stdev": 0.0533384010196
    },
    "dynamic_complexity": 5.23940753937,
    "erbbands_crest": {
        "mean": 11.8050403595,
        "stdev": 7.69415044785
    },
    "erbbands_flatness_db": {
        "mean": 0.202287599444,
        "stdev": 0.104553371668
    },
    "erbbands_kurtosis": {
        "mean": 4.65995645523,
        "stdev": 23.9604282379
    },
    "erbbands_skewness": {
        "mean": -0.0981183722615,
        "stdev": 1.655179739
    },
    "erbbands_spread": {
        "mean": 39.0385742188,
        "stdev": 27.1146774292
    },
    "hfc": {
        "mean": 18.919752121,
        "stdev": 20.9299945831
    },
    "loudness_ebu128": {
        "integrated": -7.73663043976,
        "loudness_range": 3.50633907318,
        "momentary": {
            "mean": -10.72382164,
            "stdev": 12.0153875351
        },
        "short_term": {
            "mean": -8.87874031067,
            "stdev": 6.75366067886
        }
    },
    "melbands_crest": {
        "mean": 21.4504623413,
        "stdev": 9.43006229401
    },
    "melbands_flatness_db": {
        "mean": 0.289459049702,
        "stdev": 0.146780207753
    },
    "melbands_kurtosis": {
        "mean": 45.3735351562,
        "stdev": 100.853919983
    },
    "melbands_skewness": {
        "mean": 3.983720541,
        "stdev": 3.77280259132
    },
    "melbands_spread": {
        "mean": 22.6475505829,
        "stdev": 30.2112464905
    },
    "pitch_salience": {
        "mean": 0.439292132854,
        "stdev": 0.205933153629
    },
    "silence_rate_20dB": {
        "mean": 1,
        "stdev": 0
    },
    "silence_rate_30dB": {
        "mean": 0.915082812309,
        "stdev": 0.278752684593
    },
    "silence_rate_60dB": {
        "mean": 0.123801223934,
        "stdev": 0.329346090555
    },
    "spectral_centroid": {
        "mean": 1449.62036133,
        "stdev": 993.768066406
    },
    "spectral_complexity": {
        "mean": 13.3891887665,
        "stdev": 10.4746189117
    },
    "spectral_decrease": {
        "mean": -1.27894477231e-08,
        "stdev": 1.43832696864e-08
    },
    "spectral_energy": {
        "mean": 0.0499864667654,
        "stdev": 0.0548092834651
    },
    "spectral_energyband_high": {
        "mean": 0.00102627999149,
        "stdev": 0.00194737373386
    },
    "spectral_energyband_low": {
        "mean": 0.0370630100369,
        "stdev": 0.0510048493743
    },
    "spectral_energyband_middle_high": {
        "mean": 0.00432775402442,
        "stdev": 0.00621636910364
    },
    "spectral_energyband_middle_low": {
        "mean": 0.00826696213335,
        "stdev": 0.0138709330931
    },
    "spectral_entropy": {
        "mean": 7.20839738846,
        "stdev": 0.931737661362
    },
    "spectral_flux": {
        "mean": 0.0930048078299,
        "stdev": 0.0919759944081
    },
    "spectral_kurtosis": {
        "mean": 11.8011569977,
        "stdev": 21.2334728241
    },
    "spectral_rms": {
        "mean": 0.0058941245079,
        "stdev": 0.00374518311583
    },
    "spectral_rolloff": {
        "mean": 1849.84289551,
        "stdev": 3248.66259766
    },
    "spectral_skewness": {
        "mean": 2.08503270149,
        "stdev": 1.65757095814
    },
    "spectral_spread": {
        "mean": 4479642.5,
        "stdev": 2453777.5
    },
    "spectral_strongpeak": {
        "mean": 0.878017544746,
        "stdev": 1.07154977322
    },
    "zerocrossingrate": {
        "mean": 0.0621000938118,
        "stdev": 0.0848647430539
    },
    "barkbands": {
        "mean": [0.00474789785221, 0.0280347820371, 0.00363258412108, 0.00208126427606, 0.00253596738912, 0.00186929525807, 0.00084061693633, 0.000365417450666, 0.000488634512294, 0.000438271963503, 0.000379472738132, 0.00075694383122, 0.000533409358468, 0.000432703731349, 0.000549679098185, 0.000345408101566, 0.000254809507169, 0.000252383673796, 0.000321853265632, 0.000199489208171, 0.000188755526324, 0.000229117824347, 0.000301855849102, 0.000131997177959, 5.19413333677e-05, 1.81621853699e-05, 3.58864713235e-06],
        "stdev": [0.00866889674217, 0.0416562072933, 0.0165277700871, 0.00606584176421, 0.0051392596215, 0.00419760169461, 0.00160698744003, 0.000779747555498, 0.00112801755313, 0.000867440365255, 0.00106758286711, 0.00199924991466, 0.00123251299374, 0.00113248138223, 0.00131220673211, 0.000713196583092, 0.000542511814274, 0.000701080425642, 0.00068828323856, 0.000378236290999, 0.000431747233961, 0.000625485787168, 0.000764064199757, 0.00027986758505, 0.00011998496484, 6.79555887473e-05, 1.29799027491e-05]
    },
    "erbbands": {
        "mean": [1.29195809364, 4.35396337509, 4.72519207001, 5.77868843079, 8.2921705246, 7.85951328278, 12.1668863297, 15.2181453705, 11.2148475647, 12.0682382584, 8.69313526154, 12.3641223907, 8.84006118774, 15.8369941711, 19.4248199463, 35.8449707031, 25.9633522034, 22.4299793243, 33.1316566467, 17.7736301422, 19.5782909393, 14.1899299622, 13.1355371475, 17.4380626678, 13.1875219345, 9.76663398743, 8.19093608856, 7.00356769562, 7.84349250793, 10.0154695511, 8.19604873657, 3.86601495743, 1.70857417583, 0.748350143433, 0.288136392832, 0.107657939196, 0.0273615736514, 0.00452564796433, 0.000647360342555, 9.71286863205e-05],
        "stdev": [1.71668255329, 8.7554063797, 18.1147727966, 19.1613082886, 18.6315555573, 16.9522418976, 23.1210784912, 38.8925628662, 22.6516895294, 23.5155353546, 18.8163261414, 28.9305496216, 17.6326980591, 32.5830459595, 49.5161933899, 91.6521072388, 56.6087188721, 54.4817047119, 80.3221740723, 35.3931884766, 38.6309776306, 30.5348014832, 35.2903671265, 40.6397171021, 26.4421520233, 18.3979644775, 18.0187129974, 17.8525505066, 23.1937446594, 25.5134677887, 20.4231777191, 8.13036346436, 3.76811528206, 1.67400240898, 0.75885784626, 0.388830542564, 0.102548532188, 0.0172149799764, 0.00225454196334, 0.000154039356858]
    },
    "gfcc": {
        "mean": [-89.2461547852, 86.7682189941, -108.219581604, 24.4444828033, -51.4159507751, 14.5873355865, -35.7544403076, -2.68779850006, -19.531370163, -3.39342546463, -6.7486615181, -3.10243749619, -7.52845859528],
        "cov": [[38912.421875, 2124.76489258, -810.036621094, 4144.88330078, -892.430847168, 118.171379089, -1437.19311523, 389.84085083, 4.97538042068, -131.340515137, -431.74206543, -381.27520752, -598.560974121], [2124.76489258, 4892.04492188, 850.24029541, -283.677307129, 1093.19274902, 42.060295105, 431.444793701, -36.6845016479, 336.867462158, -100.900604248, 266.528442383, -196.96774292, 241.206665039], [-810.036621094, 850.24029541, 2254.71313477, 744.304321289, 397.771881104, 427.528167725, 515.825195312, 225.64112854, 274.501342773, 45.9012031555, 86.2772445679, 181.160491943, 264.020324707], [4144.88330078, -283.677307129, 744.304321289, 1705.45129395, 162.449554443, 126.191589355, -12.2399845123, 212.15725708, 269.925994873, 71.1018218994, -10.2607250214, 41.0471496582, 78.0328674316], [-892.430847168, 1093.19274902, 397.771881104, 162.449554443, 1070.29968262, 280.343658447, 340.830078125, 69.4992752075, 308.975860596, 144.794799805, 219.130355835, -19.9409408569, 189.378219604], [118.171379089, 42.060295105, 427.528167725, 126.191589355, 280.343658447, 639.65447998, 369.933349609, 78.8807754517, 127.970405579, 129.795028687, 176.353713989, 114.951683044, 91.583152771], [-1437.19311523, 431.444793701, 515.825195312, -12.2399845123, 340.830078125, 369.933349609, 685.603271484, 126.172111511, 120.212005615, 61.2540664673, 174.083297729, 160.553848267, 167.59803772], [389.84085083, -36.6845016479, 225.64112854, 212.15725708, 69.4992752075, 78.8807754517, 126.172111511, 352.577026367, 71.0898284912, 46.7180099487, 55.8927078247, 73.3081817627, 72.7499771118], [4.97538042068, 336.867462158, 274.501342773, 269.925994873, 308.975860596, 127.970405579, 120.212005615, 71.0898284912, 330.022888184, 94.6489257812, 86.3569564819, 7.36056184769, 92.1193618774], [-131.340515137, -100.900604248, 45.9012031555, 71.1018218994, 144.794799805, 129.795028687, 61.2540664673, 46.7180099487, 94.6489257812, 207.202957153, 83.8223876953, 14.9313430786, 30.4683856964], [-431.74206543, 266.528442383, 86.2772445679, -10.2607250214, 219.130355835, 176.353713989, 174.083297729, 55.8927078247, 86.3569564819, 83.8223876953, 232.726654053, 56.8738708496, 51.4584655762], [-381.27520752, -196.96774292, 181.160491943, 41.0471496582, -19.9409408569, 114.951683044, 160.553848267, 73.3081817627, 7.36056184769, 14.9313430786, 56.8738708496, 213.219589233, 63.1559181213], [-598.560974121, 241.206665039, 264.020324707, 78.0328674316, 189.378219604, 91.583152771, 167.59803772, 72.7499771118, 92.1193618774, 30.4683856964, 51.4584655762, 63.1559181213, 183.611312866]],
        "icov": [[8.64632675075e-05, -0.000165658944752, 0.000157224174473, -0.000306981411995, 0.000144662059029, -0.000272644043434, 0.000162202923093, -0.00012670540309, 0.000134607093059, -7.731574442e-05, 0.000215166888665, -0.000111627836304, 0.000216196334804], [-0.000165658944752, 0.000695628754329, -0.000460685114376, 0.000721814285498, -0.000551813049242, 0.00072274717968, -0.000401999830501, 0.000305844383547, -0.000425676378654, 0.000627368921414, -0.000822081521619, 0.000707260856871, -0.000547214003745], [0.000157224174473, -0.000460685114376, 0.00107584614307, -0.000862288463395, 0.000350066839019, -0.000815642124508, 1.70306811924e-05, -0.000319521583151, 0.000154133202159, -0.000107564184873, 0.000853051780723, -0.000543088302948, -1.77208476089e-05], [-0.000306981411995, 0.000721814285498, -0.000862288463395, 0.00198225560598, -0.000620270206127, 0.000929107074626, -0.000239527507802, 9.47197622736e-05, -0.00112035241909, 0.000407275510952, -0.000642464554403, 0.00043777920655, -0.000670085661113], [0.000144662059029, -0.000551813049242, 0.000350066839019, -0.000620270206127, 0.00223566265777, -0.00069947342854, -9.96927847154e-05, -5.97769467277e-05, -0.000562792469282, -0.00070174317807, -0.000288736831862, 0.000577336759306, -0.000604435685091], [-0.000272644043434, 0.00072274717968, -0.000815642124508, 0.000929107074626, -0.00069947342854, 0.00378535687923, -0.00160999048967, 0.000676428317092, -0.00050416146405, -0.000552214041818, -0.0017584816087, 0.000165488410858, -0.000244885799475], [0.000162202923093, -0.000401999830501, 1.70306811924e-05, -0.000239527507802, -9.96927847154e-05, -0.00160999048967, 0.00350239221007, -0.00062027486274, 0.000321272877045, 0.000271172000794, -0.000150630788994, -0.00143243942875, -0.000582386972383], [-0.00012670540309, 0.000305844383547, -0.000319521583151, 9.47197622736e-05, -5.97769467277e-05, 0.000676428317092, -0.00062027486274, 0.00375289050862, -0.000314444303513, -0.000282397610135, -0.00082798168296, -0.0003235177428, -0.00104421214201], [0.000134607093059, -0.000425676378654, 0.000154133202159, -0.00112035241909, -0.000562792469282, -0.00050416146405, 0.000321272877045, -0.000314444303513, 0.00554559472948, -0.00152595306281, -1.79495800694e-05, 0.000131302309455, -0.000653397699352], [-7.731574442e-05, 0.000627368921414, -0.000107564184873, 0.000407275510952, -0.00070174317807, -0.000552214041818, 0.000271172000794, -0.000282397610135, -0.00152595306281, 0.00730444770306, -0.00203069555573, 0.000772959610913, -0.000374301540432], [0.000215166888665, -0.000822081521619, 0.000853051780723, -0.000642464554403, -0.000288736831862, -0.0017584816087, -0.000150630788994, -0.00082798168296, -1.79495800694e-05, -0.00203069555573, 0.00817819684744, -0.00205980078317, 0.00123074045405], [-0.000111627836304, 0.000707260856871, -0.000543088302948, 0.00043777920655, 0.000577336759306, 0.000165488410858, -0.00143243942875, -0.0003235177428, 0.000131302309455, 0.000772959610913, -0.00205980078317, 0.00783324614167, -0.00225169071928], [0.000216196334804, -0.000547214003745, -1.77208476089e-05, -0.000670085661113, -0.000604435685091, -0.000244885799475, -0.000582386972383, -0.00104421214201, -0.000653397699352, -0.000374301540432, 0.00123074045405, -0.00225169071928, 0.00969060044736]]
    },
    "melbands": {
        "mean": [0.00958873983473, 0.00338703487068, 0.00109222787432, 0.000588990049437, 0.000406446255511, 0.000339516176609, 0.000171583364136, 0.00011840325169, 7.65458316891e-05, 7.10054955562e-05, 4.31342814409e-05, 6.46344851702e-05, 5.6582466641e-05, 8.94090044312e-05, 7.67486271798e-05, 4.40713411081e-05, 4.16012844653e-05, 5.30329707544e-05, 3.08510207105e-05, 2.17003598664e-05, 2.31899048231e-05, 1.52731063281e-05, 1.19173782878e-05, 1.18694269986e-05, 1.45577614603e-05, 1.16095834528e-05, 7.35674802854e-06, 6.15720182395e-06, 5.09291203343e-06, 4.59846478407e-06, 3.85026760341e-06, 4.3557738536e-06, 4.74710122944e-06, 5.61683282285e-06, 5.2022046475e-06, 3.23673839375e-06, 1.98450561584e-06, 1.23443669509e-06, 8.89561704298e-07, 5.37277514923e-07],
        "stdev": [0.0129834925756, 0.00875158049166, 0.00321502052248, 0.00121762778144, 0.000753146014176, 0.000825859722681, 0.000341411796398, 0.000226396325161, 0.000165823148564, 0.00016567207058, 8.93748365343e-05, 0.000138138828333, 0.00015687927953, 0.000227856391575, 0.000172251151525, 0.000101897123386, 0.000112930472824, 0.000129980864585, 6.5469306719e-05, 4.68078869744e-05, 4.68662365165e-05, 3.28480964527e-05, 3.41321065207e-05, 3.23705935443e-05, 3.53687391907e-05, 2.53616599366e-05, 1.45496396726e-05, 1.23578747662e-05, 1.16786195576e-05, 1.09079110189e-05, 1.0876306078e-05, 1.43331453728e-05, 1.21006478366e-05, 1.4629825273e-05, 1.36746493808e-05, 7.18918136045e-06, 4.31115404353e-06, 2.87290686174e-06, 2.03382001018e-06, 1.24176858662e-06]
    },
    "melbands128": {
        "mean": [0.00437789829448, 0.0121397851035, 0.0112510463223, 0.00588640058413, 0.00274000829086, 0.00166703038849, 0.00113248045091, 0.00105392548721, 0.000821869936772, 0.00062691612402, 0.000378186523449, 0.000336029566824, 0.000397005758714, 0.000516162195709, 0.000415776303271, 0.000197124390979, 0.000156713067554, 0.000182449177373, 0.000162102413015, 0.000157119080541, 7.65802178648e-05, 5.61281158298e-05, 6.89852968208e-05, 0.000103430167655, 0.000108419808384, 4.0694274503e-05, 3.14296630677e-05, 4.20152719016e-05, 4.48562786914e-05, 9.20344245969e-05, 5.48978423467e-05, 4.48735045211e-05, 6.21884028078e-05, 6.33922027191e-05, 5.36873521924e-05, 0.000122085606563, 0.000113445523311, 4.95563108416e-05, 8.67777634994e-05, 5.1634193369e-05, 3.06283836835e-05, 3.59397636203e-05, 3.9008755266e-05, 5.01236645505e-05, 3.61627608072e-05, 6.11682698946e-05, 6.8758839916e-05, 2.30001260206e-05, 1.90323862626e-05, 2.37607546296e-05, 1.84786604223e-05, 2.54818060057e-05, 2.30794285017e-05, 2.50737466558e-05, 1.73643711605e-05, 1.57663962455e-05, 1.03554639281e-05, 1.31352708195e-05, 1.20720869745e-05, 1.09730126496e-05, 1.09479406092e-05, 1.27000739667e-05, 1.52883167175e-05, 1.39128533192e-05, 1.61689313245e-05, 1.21217344713e-05, 8.67725884746e-06, 7.60134480515e-06, 7.04289595888e-06, 7.07666913513e-06, 6.67180211167e-06, 5.34928221896e-06, 4.96513621329e-06, 5.2691775636e-06, 4.8320894166e-06, 5.1130105021e-06, 4.15098747908e-06, 3.89373690268e-06, 3.68073233403e-06, 3.89835486203e-06, 4.52366293757e-06, 4.3291752263e-06, 4.46352805739e-06, 4.0556778913e-06, 5.27294878339e-06, 7.67675919633e-06, 4.74817898066e-06, 3.91704043068e-06, 6.99032625562e-06, 4.24031031798e-06, 3.5101982121e-06, 3.18961247103e-06, 2.43212230089e-06, 2.00675708584e-06, 1.70073121808e-06, 1.30793421249e-06, 1.1510613831e-06, 1.06569257241e-06, 9.49384059368e-07, 7.88910597294e-07, 6.31409193375e-07, 4.79473499126e-07, 4.38498261701e-07, 3.82386019737e-07, 3.09956135425e-07, 2.62041140786e-07, 2.45831699885e-07, 2.20674536422e-07, 1.81738442961e-07, 1.48957639112e-07, 1.28655685216e-07, 1.01232735972e-07, 7.75516610929e-08, 6.1411746799e-08, 4.91887561793e-08, 4.0967226056e-08, 2.65366715269e-08, 2.13322906006e-08, 2.16337827652e-08, 1.95736973296e-08, 1.66415450309e-08, 1.5310256174e-08, 1.42351108678e-08, 1.22870167374e-08, 8.16609979637e-09, 9.48412348656e-10, 1.04540967896e-11, 6.58162717035e-12],
        "stdev": [0.00782308075577, 0.016511997208, 0.0187647752464, 0.0140383187681, 0.0104250023142, 0.00749766640365, 0.0041403407231, 0.00289503112435, 0.00190407945774, 0.0013481277274, 0.000942534185015, 0.000844869762659, 0.000880901294295, 0.00121668493375, 0.00122004945297, 0.000633548828773, 0.00041472032899, 0.000471545499749, 0.000390846747905, 0.000375543371774, 0.000178210248123, 0.000177234323928, 0.000225056952331, 0.000290613184916, 0.000310615811031, 0.000127809151309, 0.000118376068713, 0.000113964415505, 0.000113840149425, 0.00024615318398, 0.000136295406264, 0.000154061286594, 0.00021189560357, 0.000256442755926, 0.000197139612283, 0.000358649791451, 0.000345071981428, 0.00017123381258, 0.000236374442466, 0.000150052961544, 9.93877183646e-05, 0.00014494950301, 0.000132723493152, 0.00017732627748, 0.00013292056974, 0.000202481052838, 0.000205980002647, 7.62920462876e-05, 5.5911095842e-05, 6.54151808703e-05, 5.06418473378e-05, 6.35653705103e-05, 6.5102125518e-05, 6.15844546701e-05, 4.06762010243e-05, 4.20193646278e-05, 2.91858505079e-05, 3.9501759602e-05, 4.24869867857e-05, 3.51570852217e-05, 3.47807035723e-05, 4.23450655944e-05, 4.8624300689e-05, 3.97411677113e-05, 4.72243227705e-05, 3.10511240968e-05, 2.07752818824e-05, 1.89258480532e-05, 1.48747012645e-05, 1.41889649967e-05, 1.56060705194e-05, 1.24714069898e-05, 1.28181109176e-05, 1.42944600157e-05, 1.19355272545e-05, 1.4493182789e-05, 1.03042202682e-05, 1.10769760795e-05, 1.14288368422e-05, 1.26060940602e-05, 1.74810265889e-05, 1.2685087313e-05, 1.58623715834e-05, 1.11827775982e-05, 1.36385342557e-05, 2.41981470026e-05, 1.18686330097e-05, 9.71932331595e-06, 2.17063006858e-05, 1.06171073639e-05, 8.28288648336e-06, 7.54204438635e-06, 5.28467762706e-06, 4.55878443972e-06, 4.61115178041e-06, 3.47414197677e-06, 2.7792509627e-06, 2.38945062847e-06, 2.49634422289e-06, 1.89173636045e-06, 1.51209007981e-06, 1.18479749744e-06, 1.15670661671e-06, 1.08731217097e-06, 8.74638203641e-07, 7.4464884392e-07, 8.76790636539e-07, 9.35850550832e-07, 7.29666794541e-07, 6.28423322269e-07, 5.22474408626e-07, 4.24343426175e-07, 3.07529205656e-07, 2.41629379616e-07, 2.18903267069e-07, 1.7917911066e-07, 1.10286158872e-07, 9.99606228902e-08, 9.48489002894e-08, 8.36617317646e-08, 6.07215824289e-08, 5.44211467002e-08, 4.85100883907e-08, 5.3291486779e-08, 3.49505064889e-08, 3.68925778815e-09, 2.5031835979e-11, 1.17463001131e-11]
    },
    "mfcc": {
        "mean": [-726.387512207, 119.330841064, 4.84963274002, 16.0244846344, 8.34511566162, 10.0934877396, -1.49108326435, 2.36164832115, -9.50541877747, 3.80604767799, -5.55283975601, -2.72743391991, 1.59916627407],
        "cov": [[25437.8632812, -214.575515747, 557.855102539, 1723.23950195, 174.3671875, -179.52746582, -568.462219238, 399.740844727, -297.388244629, 298.847137451, -211.81602478, -82.1963119507, -32.6042480469], [-214.575515747, 5086.02392578, 93.7547073364, 44.8116760254, 545.092834473, 257.88269043, 400.334747314, 165.709350586, 184.083587646, 213.010314941, 95.9083099365, -2.31785082817, 60.5952606201], [557.855102539, 93.7547073364, 1731.88317871, 570.048583984, 213.407302856, 401.6328125, 210.009063721, 319.245941162, 284.8722229, 97.5507278442, 19.3536109924, 76.5419845581, 89.9343109131], [1723.23950195, 44.8116760254, 570.048583984, 1037.12316895, 345.199981689, 168.667373657, 29.1516532898, 181.826797485, 202.634674072, 157.481246948, 28.0372810364, -14.555103302, 38.638671875], [174.3671875, 545.092834473, 213.407302856, 345.199981689, 651.570495605, 203.500213623, 99.0446472168, 90.9596176147, 112.066749573, 240.625061035, 107.430709839, 12.4377260208, 93.4391098022], [-179.52746582, 257.88269043, 401.6328125, 168.667373657, 203.500213623, 631.121398926, 251.912475586, 169.765975952, 170.106124878, 94.972366333, 190.11416626, 135.105819702, 56.7771148682], [-568.462219238, 400.334747314, 210.009063721, 29.1516532898, 99.0446472168, 251.912475586, 480.394805908, 199.245864868, 153.717025757, 64.8834762573, 109.740440369, 167.05809021, 99.3139266968], [399.740844727, 165.709350586, 319.245941162, 181.826797485, 90.9596176147, 169.765975952, 199.245864868, 347.685699463, 155.680618286, 46.5381317139, 71.0563583374, 99.7498931885, 92.6130981445], [-297.388244629, 184.083587646, 284.8722229, 202.634674072, 112.066749573, 170.106124878, 153.717025757, 155.680618286, 297.415863037, 105.839805603, 56.7404289246, 30.2110443115, 35.8241653442], [298.847137451, 213.010314941, 97.5507278442, 157.481246948, 240.625061035, 94.972366333, 64.8834762573, 46.5381317139, 105.839805603, 300.801086426, 95.9075164795, -9.7429265976, 56.2803230286], [-211.81602478, 95.9083099365, 19.3536109924, 28.0372810364, 107.430709839, 190.11416626, 109.740440369, 71.0563583374, 56.7404289246, 95.9075164795, 215.344146729, 99.3666305542, 27.132724762], [-82.1963119507, -2.31785082817, 76.5419845581, -14.555103302, 12.4377260208, 135.105819702, 167.05809021, 99.7498931885, 30.2110443115, -9.7429265976, 99.3666305542, 233.158462524, 81.2984313965], [-32.6042480469, 60.5952606201, 89.9343109131, 38.638671875, 93.4391098022, 56.7771148682, 99.3139266968, 92.6130981445, 35.8241653442, 56.2803230286, 27.132724762, 81.2984313965, 196.013259888]],
        "icov": [[5.4065407312e-05, -6.96017241353e-06, 1.01584910226e-05, -0.000107026127807, 5.46525261598e-05, -1.94613458007e-05, 8.1799691543e-05, -0.000136894333991, 0.000170887826243, -0.000136792616104, 0.000106289357063, -7.4982555816e-05, 5.48318203073e-05], [-6.96017241353e-06, 0.000237555024796, 1.95297689061e-05, 8.31713477965e-05, -0.000226759773795, -4.59556167698e-06, -0.000221284397412, -2.82802302536e-05, -5.0799753808e-05, 2.03777199204e-05, 4.03943486162e-05, 0.000149654239067, 7.07276631147e-05], [1.01584910226e-05, 1.95297689061e-05, 0.000917598546948, -0.000331923482008, 3.84640261473e-05, -0.000504055060446, 3.98634838348e-05, -0.000455726927612, -0.000247522460995, -8.85145927896e-05, 0.000678751792293, -0.000118736104923, -1.11884992293e-05], [-0.000107026127807, 8.31713477965e-05, -0.000331923482008, 0.0017584071029, -0.000816679967102, 5.54188627575e-05, 0.000225458468776, -0.000205674790777, -0.00085738406051, 0.000110128137749, 5.51524353796e-05, 0.000151634551003, 0.000172910629772], [5.46525261598e-05, -0.000226759773795, 3.84640261473e-05, -0.000816679967102, 0.00293032173067, -0.000495712796692, 0.000130211279611, 2.07040247915e-05, 0.00052123516798, -0.00164652441163, -0.000249235978117, 0.0002270618279, -0.00078869832214], [-1.94613458007e-05, -4.59556167698e-06, -0.000504055060446, 5.54188627575e-05, -0.000495712796692, 0.00304068508558, -0.00072885886766, 0.00016696487728, -0.000642532133497, 0.000596573227085, -0.00214351713657, -0.000161810356076, 0.000174437416717], [8.1799691543e-05, -0.000221284397412, 3.98634838348e-05, 0.000225458468776, 0.000130211279611, -0.00072885886766, 0.00418687239289, -0.00122324179392, -0.000784163712524, -0.000499761081301, 0.000390996137867, -0.00201211776584, -0.000307834241539], [-0.000136894333991, -2.82802302536e-05, -0.000455726927612, -0.000205674790777, 2.07040247915e-05, 0.00016696487728, -0.00122324179392, 0.00560122262686, -0.00189571210649, 0.00104001862928, -0.00109847506974, -0.000230455916608, -0.00155383942183], [0.000170887826243, -5.0799753808e-05, -0.000247522460995, -0.00085738406051, 0.00052123516798, -0.000642532133497, -0.000784163712524, -0.00189571210649, 0.00640046782792, -0.00188768608496, 0.000524107425008, 0.000437773880549, 0.000675463117659], [-0.000136792616104, 2.03777199204e-05, -8.85145927896e-05, 0.000110128137749, -0.00164652441163, 0.000596573227085, -0.000499761081301, 0.00104001862928, -0.00188768608496, 0.00649411696941, -0.00307057937607, 0.00201382581145, -0.00156607513782], [0.000106289357063, 4.03943486162e-05, 0.000678751792293, 5.51524353796e-05, -0.000249235978117, -0.00214351713657, 0.000390996137867, -0.00109847506974, 0.000524107425008, -0.00307057937607, 0.00950785167515, -0.0035761045292, 0.00169647636358], [-7.4982555816e-05, 0.000149654239067, -0.000118736104923, 0.000151634551003, 0.0002270618279, -0.000161810356076, -0.00201211776584, -0.000230455916608, 0.000437773880549, 0.00201382581145, -0.0035761045292, 0.00839697569609, -0.00261309603229], [5.48318203073e-05, 7.07276631147e-05, -1.11884992293e-05, 0.000172910629772, -0.00078869832214, 0.000174437416717, -0.000307834241539, -0.00155383942183, 0.000675463117659, -0.00156607513782, 0.00169647636358, -0.00261309603229, 0.00745076313615]]
    },
    "spectral_contrast_coeffs": {
        "mean": [-0.690842270851, -0.760359466076, -0.759861469269, -0.772256493568, -0.783359766006, -0.785426318645],
        "stdev": [0.11690825969, 0.0858881026506, 0.087596103549, 0.0791269764304, 0.0697273761034, 0.063509516418]
    },
    "spectral_contrast_valleys": {
        "mean": [-7.7279047966, -7.71772241592, -8.38242053986, -8.55631160736, -8.7270526886, -11.0346593857],
        "stdev": [2.52091169357, 1.97419559956, 1.83329761028, 1.91500365734, 2.01467514038, 2.05364394188]
    }
},
"rhythm": {
    "beats_count": 283,
    "beats_loudness": {
        "mean": 0.0847446173429,
        "stdev": 0.0811782851815
    },
    "bpm": 128.075088501,
    "bpm_histogram_first_peak_bpm": 129,
    "bpm_histogram_first_peak_weight": 0.37142854929,
    "bpm_histogram_second_peak_bpm": 123,
    "bpm_histogram_second_peak_spread": 0,
    "bpm_histogram_second_peak_weight": 0.00709219835699,
    "danceability": 1.23282718658,
    "onset_rate": 4.52895784378,
    "beats_loudness_band_ratio": {
        "mean": [0.492719352245, 0.102328643203, 0.0834828913212, 0.16818344593, 0.115989714861, 0.0636811107397],
        "stdev": [0.398459017277, 0.126194357872, 0.120836004615, 0.211045891047, 0.150640308857, 0.0991196483374]
    },
    "beats_position": [0.46439909935, 0.940408170223, 1.4164172411, 1.89242625237, 2.35682535172, 2.83283448219, 3.29723358154, 3.76163268089, 4.23764181137, 4.71365070343, 5.17804956436, 5.64244890213, 6.10684776306, 6.57124710083, 7.03564596176, 7.51165533066, 7.98766422272, 8.45206356049, 8.91646194458, 9.39247131348, 9.85687065125, 10.3328800201, 10.7972784042, 11.261677742, 11.7260770798, 12.1904764175, 12.6664848328, 13.1424942017, 13.6068935394, 14.0712919235, 14.5356912613, 15.0117006302, 15.4760990143, 15.9521083832, 16.4281177521, 16.904127121, 17.3685264587, 17.8329238892, 18.2973232269, 18.7617225647, 19.2261219025, 19.6905212402, 20.1665306091, 20.642539978, 21.1069393158, 21.5829467773, 22.0473461151, 22.523355484, 22.9877548218, 23.4521541595, 23.9281635284, 24.40417099, 24.8685703278, 25.3329696655, 25.7973690033, 26.2617683411, 26.73777771, 27.2137870789, 27.6781845093, 28.142583847, 28.6069831848, 29.0713825226, 29.5357818604, 30.0001811981, 30.4645805359, 30.9405899048, 31.4165973663, 31.8809967041, 32.3453979492, 32.8214035034, 33.2974128723, 33.7618141174, 34.2378234863, 34.7022209167, 35.1782302856, 35.6426315308, 36.1070289612, 36.5714263916, 37.0358276367, 37.5118370056, 37.9878463745, 38.4522438049, 38.91664505, 39.3926506042, 39.8570518494, 40.3330612183, 40.7974586487, 41.2618598938, 41.7262573242, 42.1906585693, 42.6666641235, 43.1426734924, 43.6070747375, 44.071472168, 44.5358734131, 45.011882782, 45.4878921509, 45.9522895813, 46.4166870117, 46.8810882568, 47.3454856873, 47.8214950562, 48.297504425, 48.7619056702, 49.2263031006, 49.690700531, 50.1667098999, 50.6427192688, 51.1071205139, 51.5715179443, 52.0359191895, 52.5003166199, 52.9647140503, 53.4407234192, 53.9167327881, 54.3811340332, 54.8455314636, 55.3215408325, 55.7975502014, 56.2619476318, 56.726348877, 57.1907463074, 57.6667556763, 58.1427650452, 58.6071662903, 59.0715637207, 59.5359611511, 60.0003623962, 60.4647598267, 60.952381134, 61.4167785645, 61.8811798096, 62.34557724, 62.8215866089, 63.2975959778, 63.7619934082, 64.2263946533, 64.6907958984, 65.1668014526, 65.6428070068, 66.107208252, 66.5716094971, 67.0360107422, 67.5004043579, 67.964805603, 68.4408187866, 68.9052124023, 69.3812255859, 69.8456192017, 70.3100204468, 70.7860336304, 71.2620391846, 71.7264404297, 72.2024459839, 72.666847229, 73.1428527832, 73.6072540283, 74.0716552734, 74.5476608276, 75.0236740112, 75.488067627, 75.9524688721, 76.4284820557, 76.9044876099, 77.368888855, 77.8332901001, 78.2976837158, 78.7620849609, 79.2148742676, 79.6908798218, 80.1668930054, 80.6428985596, 81.1072998047, 81.5717010498, 82.0360946655, 82.5004959106, 82.9648971558, 83.44090271, 83.9053039551, 84.3813171387, 84.8457107544, 85.321723938, 85.7977294922, 86.2621307373, 86.7265319824, 87.1909255981, 87.6669387817, 88.1429443359, 88.6073455811, 89.0717468262, 89.5361404419, 90.000541687, 90.4649429321, 90.9409484863, 91.4169616699, 91.8813552856, 92.3457565308, 92.8101577759, 93.2861633301, 93.7621765137, 94.2265777588, 94.6909713745, 95.1669845581, 95.6429901123, 96.1073913574, 96.5717926025, 97.0361862183, 97.5005874634, 97.9649887085, 98.4526062012, 98.9170074463, 99.381401062, 99.8458023071, 100.321815491, 100.797821045, 101.26222229, 101.738227844, 102.202629089, 102.667030334, 103.143035889, 103.607437134, 104.071838379, 104.536231995, 105.00063324, 105.465034485, 105.941040039, 106.417053223, 106.881446838, 107.345848083, 107.821853638, 108.297866821, 108.762268066, 109.226661682, 109.691062927, 110.167076111, 110.643081665, 111.10748291, 111.571876526, 112.036277771, 112.512290955, 112.97668457, 113.452697754, 113.917098999, 114.381492615, 114.84589386, 115.321899414, 115.797912598, 116.262313843, 116.726707458, 117.191108704, 117.667114258, 118.143127441, 118.607528687, 119.071922302, 119.536323547, 120.000724792, 120.476730347, 120.95274353, 121.417137146, 121.89315033, 122.369155884, 122.833557129, 123.297958374, 123.762359619, 124.238365173, 124.714370728, 125.178771973, 125.631561279, 126.095962524, 126.571968079, 127.036369324, 127.512374878, 127.976776123, 128.441177368, 128.917190552, 129.381591797, 129.845977783, 130.310379028, 130.774780273, 131.239181519, 131.703582764, 132.167984009, 132.632385254],
    "bpm_histogram": [0, 0, 0, 0, 0, 0, 0, 0, 0, 0, 0, 0, 0, 0, 0, 0, 0, 0, 0, 0, 0, 0, 0, 0, 0, 0, 0, 0, 0, 0, 0, 0, 0, 0, 0, 0, 0, 0, 0, 0, 0, 0, 0, 0, 0, 0, 0, 0, 0, 0, 0, 0, 0, 0, 0, 0, 0, 0, 0, 0, 0, 0, 0, 0, 0, 0, 0, 0, 0, 0, 0, 0, 0, 0, 0, 0, 0, 0, 0, 0, 0, 0, 0, 0, 0, 0, 0, 0, 0, 0, 0, 0, 0, 0, 0, 0, 0, 0, 0, 0, 0, 0, 0, 0, 0, 0, 0, 0, 0, 0, 0, 0, 0, 0, 0, 0, 0, 0, 0, 0, 0, 0, 0, 0.00709219835699, 0, 0, 0.361702114344, 0, 0, 0.624113500118, 0, 0, 0, 0.00709219835699, 0, 0, 0, 0, 0, 0, 0, 0, 0, 0, 0, 0, 0, 0, 0, 0, 0, 0, 0, 0, 0, 0, 0, 0, 0, 0, 0, 0, 0, 0, 0, 0, 0, 0, 0, 0, 0, 0, 0, 0, 0, 0, 0, 0, 0, 0, 0, 0, 0, 0, 0, 0, 0, 0, 0, 0, 0, 0, 0, 0, 0, 0, 0, 0, 0, 0, 0, 0, 0, 0, 0, 0, 0, 0, 0, 0, 0, 0, 0, 0, 0, 0, 0, 0, 0, 0, 0, 0, 0, 0, 0, 0, 0, 0, 0, 0, 0, 0, 0, 0, 0, 0, 0, 0, 0, 0, 0, 0, 0, 0, 0, 0, 0, 0, 0, 0]
},
"tonal": {
    "chords_changes_rate": 0.0665969327092,
    "chords_number_rate": 0.0034867504146,
    "chords_strength": {
        "mean": 0.546688854694,
        "stdev": 0.113153390586
    },
    "hpcp_crest": {
        "mean": 13.580491066,
        "stdev": 6.96716022491
    },
    "hpcp_entropy": {
        "mean": 1.94485163689,
        "stdev": 0.830074310303
    },
    "key_edma": {
        "strength": 0.6377800107,
        "key": "C#",
        "scale": "minor"
    },
    "key_krumhansl": {
        "strength": 0.628996789455,
        "key": "C#",
        "scale": "minor"
    },
    "key_temperley": {
        "strength": 0.656244158745,
        "key": "A",
        "scale": "minor"
    },
    "tuning_diatonic_strength": 0.555979967117,
    "tuning_equal_tempered_deviation": 0.206546738744,
    "tuning_frequency": 434.193115234,
    "tuning_nontempered_energy_ratio": 0.915350496769,
    "hpcp": {
        "mean": [0.233604565263, 0.235235750675, 0.0896394997835, 0.0487674959004, 0.0372126288712, 0.0463862344623, 0.0615398772061, 0.0608426779509, 0.0540503002703, 0.153414323926, 0.172612503171, 0.0796381384134, 0.0583655275404, 0.0562814958394, 0.0827748477459, 0.157062932849, 0.151878908277, 0.0797355771065, 0.0626607686281, 0.0621732920408, 0.0797023251653, 0.141418769956, 0.156483247876, 0.120649807155, 0.182225346565, 0.174402818084, 0.0906525328755, 0.0804431140423, 0.067647241056, 0.0607732459903, 0.0811291113496, 0.0888224616647, 0.0753099545836, 0.0785135701299, 0.0809997618198, 0.0939265191555],
        "stdev": [0.356084674597, 0.351044386625, 0.198559239507, 0.137367248535, 0.121128149331, 0.144427835941, 0.157959580421, 0.157103195786, 0.136093482375, 0.289069920778, 0.311771333218, 0.184010952711, 0.161123856902, 0.158721193671, 0.174179375172, 0.295708268881, 0.277247935534, 0.182085737586, 0.171340078115, 0.171010673046, 0.19258338213, 0.263555020094, 0.282404094934, 0.232680425048, 0.322519987822, 0.320513099432, 0.206949949265, 0.199818685651, 0.180503800511, 0.158533275127, 0.186389252543, 0.1889603585, 0.179862633348, 0.187613263726, 0.196620285511, 0.195066571236]
    },
    "chords_histogram": [22.8730831146, 12.0292882919, 0.139470010996, 0.62761503458, 0.104602508247, 6.06694555283, 0.732217550278, 3.90516042709, 0.62761503458, 2.09205031395, 0, 0, 0, 0, 0, 0.174337521195, 1.67364013195, 2.09205031395, 1.35983264446, 0, 0.418410032988, 0.244072526693, 26.7433757782, 18.0962333679],
    "thpcp": [1, 0.38106238842, 0.207313284278, 0.158192917705, 0.197190418839, 0.261609375477, 0.258645534515, 0.22977077961, 0.652172625065, 0.733785152435, 0.338546067476, 0.248115032911, 0.239255711436, 0.351880401373, 0.667683064938, 0.645645499229, 0.338960289955, 0.266374349594, 0.264302045107, 0.33881893754, 0.601178884506, 0.665218830109, 0.512888908386, 0.774649858475, 0.741395890713, 0.385368853807, 0.34196805954, 0.28757211566, 0.258350372314, 0.34488427639, 0.377589136362, 0.320146709681, 0.333765476942, 0.34433439374, 0.399286746979, 0.993065714836],
    "chords_key": "D",
    "chords_scale": "minor"
}
}