{
"metadata": {
    "version": {
        "essentia": "2.1-beta6-dev",
        "essentia_git_sha": "v2.1_beta5-1177-g1d1cc983",
        "extractor": "music 2.0"
    },
    "audio_properties": {
        "analysis": {
            "equal_loudness": 0,
            "length": 232.917648315,
            "sample_rate": 44100,
            "start_time": 0,
            "downmix": "mix"
        },
        "bit_rate": 1536000,
        "length": 232.917663574,
        "lossless": 1,
        "number_channels": 2,
        "replay_gain": -11.6294631958,
        "sample_rate": 48000,
        "codec": "pcm_s16le",
        "md5_encoded": "0ce30f3154ac88ace5c16052c1278c2c"
    },
    "tags": {
        "file_name": "The Red Clay Strays - Wondering Why.wav",
        "album": ["Moment of Truth"],
        "artist": ["The Red Clay Strays"],
        "audiosourcewebpage": [""],
        "composer": ["Red Clay Strays"],
        "copyright": ["(C) 2022 Red Clay Strays marketed and distributed by Thirty Tigers"],
        "date": ["2022-04-29"],
        "genre": ["country"],
        "isrc": ["QZTVM2120626"],
        "title": ["Wondering Why"],
        "tracknumber": ["4\/12"]
    }
},
"lowlevel": {
    "average_loudness": 0.649941504002,
    "barkbands_crest": {
        "mean": 11.8640546799,
        "stdev": 4.36592483521
    },
    "barkbands_flatness_db": {
        "mean": 0.243334025145,
        "stdev": 0.0975117236376
    },
    "barkbands_kurtosis": {
        "mean": 13.0271120071,
        "stdev": 22.5414428711
    },
    "barkbands_skewness": {
        "mean": 2.10091876984,
        "stdev": 1.74400758743
    },
    "barkbands_spread": {
        "mean": 10.134311676,
        "stdev": 11.6520872116
    },
    "dissonance": {
        "mean": 0.400612145662,
        "stdev": 0.0791972950101
    },
    "dynamic_complexity": 7.46428775787,
    "erbbands_crest": {
        "mean": 12.5110006332,
        "stdev": 5.44167137146
    },
    "erbbands_flatness_db": {
        "mean": 0.221391573548,
        "stdev": 0.079859726131
    },
    "erbbands_kurtosis": {
        "mean": 5.75857973099,
        "stdev": 18.611240387
    },
    "erbbands_skewness": {
        "mean": 1.12960112095,
        "stdev": 1.55372083187
    },
    "erbbands_spread": {
        "mean": 28.1771087646,
        "stdev": 23.6187744141
    },
    "hfc": {
        "mean": 10.1960163116,
        "stdev": 13.4943475723
    },
    "loudness_ebu128": {
        "integrated": -12.5081033707,
        "loudness_range": 11.3207988739,
        "momentary": {
            "mean": -17.4169960022,
            "stdev": 11.1153297424
        },
        "short_term": {
            "mean": -15.6404924393,
            "stdev": 7.61143493652
        }
    },
    "melbands_crest": {
        "mean": 14.8811912537,
        "stdev": 4.9542889595
    },
    "melbands_flatness_db": {
        "mean": 0.335440576077,
        "stdev": 0.119941659272
    },
    "melbands_kurtosis": {
        "mean": 21.7314300537,
        "stdev": 32.3672676086
    },
    "melbands_skewness": {
        "mean": 2.69127202034,
        "stdev": 2.12414956093
    },
    "melbands_spread": {
        "mean": 11.0779495239,
        "stdev": 15.8538446426
    },
    "pitch_salience": {
        "mean": 0.531083762646,
        "stdev": 0.125840380788
    },
    "silence_rate_20dB": {
        "mean": 1,
        "stdev": 0
    },
    "silence_rate_30dB": {
        "mean": 0.999302208424,
        "stdev": 0.0264059547335
    },
    "silence_rate_60dB": {
        "mean": 0.225378781557,
        "stdev": 0.417824953794
    },
    "spectral_centroid": {
        "mean": 696.983642578,
        "stdev": 570.79901123
    },
    "spectral_complexity": {
        "mean": 8.58423042297,
        "stdev": 7.22915887833
    },
    "spectral_decrease": {
        "mean": -5.89549564722e-09,
        "stdev": 5.77121994638e-09
    },
    "spectral_energy": {
        "mean": 0.0231757313013,
        "stdev": 0.0227490346879
    },
    "spectral_energyband_high": {
        "mean": 0.00012363899441,
        "stdev": 0.000349634850863
    },
    "spectral_energyband_low": {
        "mean": 0.00881154462695,
        "stdev": 0.0112753426656
    },
    "spectral_energyband_middle_high": {
        "mean": 0.00309909437783,
        "stdev": 0.0066105411388
    },
    "spectral_energyband_middle_low": {
        "mean": 0.012220768258,
        "stdev": 0.0134745109826
    },
    "spectral_entropy": {
        "mean": 6.56477499008,
        "stdev": 0.920465052128
    },
    "spectral_flux": {
        "mean": 0.0503908842802,
        "stdev": 0.0447533093393
    },
    "spectral_kurtosis": {
        "mean": 18.4499759674,
        "stdev": 22.8109760284
    },
    "spectral_rms": {
        "mean": 0.00402863556519,
        "stdev": 0.00252598733641
    },
    "spectral_rolloff": {
        "mean": 701.314208984,
        "stdev": 1086.94006348
    },
    "spectral_skewness": {
        "mean": 2.89027047157,
        "stdev": 1.80997478962
    },
    "spectral_spread": {
        "mean": 3424014,
        "stdev": 1715607.75
    },
    "spectral_strongpeak": {
        "mean": 0.853110849857,
        "stdev": 1.31517195702
    },
    "zerocrossingrate": {
        "mean": 0.0323260985315,
        "stdev": 0.0326483175159
    },
    "barkbands": {
        "mean": [0.000130983404233, 0.00461720814928, 0.00311064417474, 0.00215626321733, 0.00378086348064, 0.00249643903226, 0.00111085688695, 0.00118758215103, 0.0012412146898, 0.000723535718862, 0.000691551656928, 0.000486829259899, 0.000351920345565, 0.000209849720704, 0.000121236713312, 0.000220480476855, 0.000115320617624, 0.000143470402691, 0.000103748134279, 6.82652171236e-05, 3.81872778235e-05, 2.3024776965e-05, 1.9630202587e-05, 1.65038782143e-05, 6.92052526574e-06, 2.71127328233e-06, 5.06292053615e-07],
        "stdev": [0.000273472163826, 0.00614981818944, 0.00490875681862, 0.00371859339066, 0.0057482291013, 0.00503171328455, 0.00261310255155, 0.00383763294667, 0.00377079215832, 0.00310994661413, 0.00254492112435, 0.00195889291354, 0.0015934422845, 0.000765989650972, 0.0004729781067, 0.00120668869931, 0.000590961077251, 0.000530488439836, 0.000317324884236, 0.000236943800701, 0.000114848138765, 7.09079758963e-05, 8.96665078471e-05, 7.04910708009e-05, 2.69119191216e-05, 1.10788296297e-05, 3.60884951078e-06]
    },
    "erbbands": {
        "mean": [0.109574876726, 1.11184465885, 3.5013923645, 5.50888681412, 9.39470291138, 13.6032352448, 16.7589054108, 21.3272762299, 15.0833406448, 22.4248218536, 27.4671497345, 25.6686172485, 29.6551876068, 20.5573387146, 24.3917579651, 20.2303085327, 16.9089164734, 11.7562160492, 7.33528709412, 7.57798624039, 13.6451654434, 7.22183084488, 7.11812210083, 6.63504362106, 5.35333156586, 2.87655711174, 1.65988075733, 1.23927688599, 0.794505059719, 0.724517405033, 0.565848708153, 0.429249256849, 0.21638572216, 0.0947564765811, 0.0416626259685, 0.0140462769195, 0.00479676853865, 0.000800691079348, 0.000102970348962, 3.13074924634e-05],
        "stdev": [0.166291281581, 1.47171747684, 5.05654144287, 8.54894065857, 14.5994796753, 23.3008880615, 33.91223526, 47.638759613, 36.6416778564, 55.6907119751, 90.1609191895, 84.5242462158, 100.9477005, 68.7238082886, 79.6342163086, 76.2560043335, 76.6883621216, 41.4584846497, 27.3453235626, 28.4554977417, 79.1034011841, 35.6914100647, 28.1454486847, 22.4193458557, 16.2157459259, 8.81285190582, 5.12691450119, 3.45600891113, 2.37340903282, 2.95413088799, 2.49144029617, 1.82794380188, 0.960767447948, 0.400249183178, 0.156685993075, 0.0526485778391, 0.0213901288807, 0.00428602797911, 0.000652729766443, 4.9108035455e-05]
    },
    "gfcc": {
        "mean": [-141.855148315, 138.540466309, -84.6575622559, 27.0923881531, -50.4231185913, -2.50283694267, -38.2480545044, 1.28238999844, -15.9820203781, -8.25190162659, -10.4034233093, -5.34202957153, -8.92886066437],
        "cov": [[27478.8066406, 1211.48962402, -3604.74047852, 910.946655273, -807.866577148, 706.943847656, 333.590240479, 541.170043945, -161.053894043, -163.222137451, 105.828605652, -224.42590332, 91.3348770142], [1211.48962402, 2393.59619141, 101.424156189, -871.519104004, 278.472991943, -156.872711182, 187.545516968, -60.8679466248, 245.174209595, -300.144378662, 105.316345215, -122.778762817, 81.5584411621], [-3604.74047852, 101.424156189, 1770.87963867, 344.11126709, 306.989837646, -48.3215332031, -5.72075843811, -34.3137817383, 128.500991821, 166.193084717, -49.5102653503, 58.3056907654, -3.74920868874], [910.946655273, -871.519104004, 344.11126709, 1353.63000488, 154.916824341, 5.85311937332, -57.4486351013, 71.7317352295, 32.444229126, 264.903381348, 25.5526199341, 65.0185470581, 55.1249694824], [-807.866577148, 278.472991943, 306.989837646, 154.916824341, 525.786010742, 75.6316223145, 72.3018722534, 18.852930069, 89.866973877, 40.3752479553, 30.8991317749, 12.864071846, 29.8178424835], [706.943847656, -156.872711182, -48.3215332031, 5.85311937332, 75.6316223145, 403.434204102, 195.136245728, 73.5358276367, -30.606218338, 35.6207504272, 17.9446525574, 0.854974389076, -24.1959056854], [333.590240479, 187.545516968, -5.72075843811, -57.4486351013, 72.3018722534, 195.136245728, 315.088684082, 98.4971923828, 8.59109973907, -9.40443706512, 40.3233642578, 1.54758226871, 4.78271961212], [541.170043945, -60.8679466248, -34.3137817383, 71.7317352295, 18.852930069, 73.5358276367, 98.4971923828, 159.493255615, 39.6953430176, 25.3616046906, 9.11619091034, 3.17699718475, -3.19902563095], [-161.053894043, 245.174209595, 128.500991821, 32.444229126, 89.866973877, -30.606218338, 8.59109973907, 39.6953430176, 188.002792358, 38.2596092224, 26.0723819733, -20.5024261475, 13.2186250687], [-163.222137451, -300.144378662, 166.193084717, 264.903381348, 40.3752479553, 35.6207504272, -9.40443706512, 25.3616046906, 38.2596092224, 199.37550354, 19.9456691742, 28.2222480774, -7.00593805313], [105.828605652, 105.316345215, -49.5102653503, 25.5526199341, 30.8991317749, 17.9446525574, 40.3233642578, 9.11619091034, 26.0723819733, 19.9456691742, 115.668052673, 22.5530128479, 12.5323820114], [-224.42590332, -122.778762817, 58.3056907654, 65.0185470581, 12.864071846, 0.854974389076, 1.54758226871, 3.17699718475, -20.5024261475, 28.2222480774, 22.5530128479, 106.100898743, 39.6751899719], [91.3348770142, 81.5584411621, -3.74920868874, 55.1249694824, 29.8178424835, -24.1959056854, 4.78271961212, -3.19902563095, 13.2186250687, -7.00593805313, 12.5323820114, 39.6751899719, 106.840690613]],
        "icov": [[0.0001389006502, -0.000460243667476, 0.00032540311804, -0.000435974536231, 0.000361231010174, -0.000480139191495, 0.000347675173543, -0.000482878094772, 0.000368380482541, -0.000256483472185, 0.000401474360842, -0.000199436341063, 0.00019395344134], [-0.000460243667476, 0.00283968332224, -0.00126324861776, 0.00211823917925, -0.0017572081415, 0.00228836992756, -0.00207719090395, 0.00221293908544, -0.00249201944098, 0.00208596256562, -0.00251088594086, 0.00202065869235, -0.00175435165875], [0.00032540311804, -0.00126324861776, 0.00157514482271, -0.0012225661194, 0.000560457236134, -0.00100916775409, 0.000621882791165, -0.000677433912642, 0.00050915684551, -0.00120285863522, 0.00187416758854, -0.00131742202211, 0.00106663769111], [-0.000435974536231, 0.00211823917925, -0.0012225661194, 0.00285135582089, -0.00166912376881, 0.00193660613149, -0.00115112191997, 0.00112016091589, -0.00128438777756, 2.31252524827e-05, -0.00202635372989, 0.00152418634389, -0.00193677272182], [0.000361231010174, -0.0017572081415, 0.000560457236134, -0.00166912376881, 0.00367457279935, -0.00210392521694, 0.00099158694502, -0.00111918430775, 0.000446665333584, -0.000807846954558, 0.0011639239965, -0.00109555129893, 0.000495619082358], [-0.000480139191495, 0.00228836992756, -0.00100916775409, 0.00193660613149, -0.00210392521694, 0.0060724997893, -0.0040321261622, 0.0015633875737, -0.00084352819249, 0.000384681625292, -0.00172106618993, 0.00146644550841, -0.00039440477849], [0.000347675173543, -0.00207719090395, 0.000621882791165, -0.00115112191997, 0.00099158694502, -0.0040321261622, 0.00749345356598, -0.00465569552034, 0.00233960989863, -0.000689266074914, -6.79552322254e-05, -0.000789371493738, 0.000205902208108], [-0.000482878094772, 0.00221293908544, -0.000677433912642, 0.00112016091589, -0.00111918430775, 0.0015633875737, -0.00465569552034, 0.0113750537857, -0.00462736003101, 0.00124352087732, -0.000492968072649, -7.30087049305e-05, 7.61914052418e-05], [0.000368380482541, -0.00249201944098, 0.00050915684551, -0.00128438777756, 0.000446665333584, -0.00084352819249, 0.00233960989863, -0.00462736003101, 0.0101892771199, -0.00359547021799, 6.25582542852e-05, 0.00150391156785, -0.000353246578015], [-0.000256483472185, 0.00208596256562, -0.00120285863522, 2.31252524827e-05, -0.000807846954558, 0.000384681625292, -0.000689266074914, 0.00124352087732, -0.00359547021799, 0.00985171087086, -0.00276423129253, -0.000324770167936, 0.000489134341478], [0.000401474360842, -0.00251088594086, 0.00187416758854, -0.00202635372989, 0.0011639239965, -0.00172106618993, -6.79552322254e-05, -0.000492968072649, 6.25582542852e-05, -0.00276423129253, 0.0129989758134, -0.00471847131848, 0.00199689227156], [-0.000199436341063, 0.00202065869235, -0.00131742202211, 0.00152418634389, -0.00109555129893, 0.00146644550841, -0.000789371493738, -7.30087049305e-05, 0.00150391156785, -0.000324770167936, -0.00471847131848, 0.0152009334415, -0.0068323854357], [0.00019395344134, -0.00175435165875, 0.00106663769111, -0.00193677272182, 0.000495619082358, -0.00039440477849, 0.000205902208108, 7.61914052418e-05, -0.000353246578015, 0.000489134341478, 0.00199689227156, -0.0068323854357, 0.0137140201405]]
    },
    "melbands": {
        "mean": [0.00112259003799, 0.00171767314896, 0.00109507283196, 0.000809048709925, 0.00061531731626, 0.000477164983749, 0.000227880009334, 0.000252867001109, 0.000223442722927, 0.000158872979227, 0.000149053506902, 8.30343706184e-05, 9.78673706413e-05, 5.39173634024e-05, 4.75028791698e-05, 3.07971895381e-05, 2.05210490094e-05, 1.26508230096e-05, 9.01491603145e-06, 1.05426461232e-05, 1.65975034179e-05, 7.10573340257e-06, 6.03967782808e-06, 7.12231030775e-06, 5.13905797561e-06, 4.07793731938e-06, 3.6778719732e-06, 1.37566644298e-06, 8.88159888746e-07, 1.05660501504e-06, 5.90420142998e-07, 4.25974008067e-07, 4.60860320572e-07, 3.68147880181e-07, 3.23330141327e-07, 3.07144432554e-07, 2.41641657794e-07, 1.58833998398e-07, 1.09373644364e-07, 6.93885340297e-08],
        "stdev": [0.0015452891821, 0.00229026330635, 0.00157598976512, 0.00122075120453, 0.0011453316547, 0.00101631099824, 0.000519505469128, 0.000629296642728, 0.000731902895495, 0.000494288280606, 0.000521482259501, 0.000304681278067, 0.000353773299139, 0.000243856062298, 0.000182923977263, 0.000122515702969, 7.71502891439e-05, 5.26690637344e-05, 3.80932033295e-05, 4.58636677649e-05, 9.98663526843e-05, 4.46265657956e-05, 2.56340463238e-05, 2.70497530437e-05, 1.86545767065e-05, 1.23808003991e-05, 1.34254823934e-05, 4.07830748372e-06, 2.74737431027e-06, 3.39934967997e-06, 1.59597766469e-06, 1.33080811793e-06, 1.52473501203e-06, 1.77181539129e-06, 1.51914139224e-06, 1.30948922106e-06, 1.07853247755e-06, 7.20969069334e-07, 4.86547889977e-07, 3.01926263546e-07]
    },
    "melbands128": {
        "mean": [0.000124239042634, 0.000781695649493, 0.00142409664113, 0.00199248222634, 0.00191212818027, 0.00145079998765, 0.00104950775858, 0.00114674435463, 0.000928206660319, 0.000744257413317, 0.000786870950833, 0.000685351435095, 0.00052024773322, 0.00060803105589, 0.000490841455758, 0.000440304080257, 0.000285652873572, 0.000150157415192, 0.000184109259862, 0.000295112637104, 0.000242519483436, 0.000282794120722, 0.000185733719263, 0.000221640744712, 0.000172538304469, 0.000106210187369, 0.00020216559642, 0.0001365528733, 0.000146378253703, 6.57596028759e-05, 4.46743033535e-05, 0.000137357186759, 0.000136735543492, 3.33824755216e-05, 5.71223790757e-05, 5.78166109335e-05, 5.56086852157e-05, 4.16438451794e-05, 5.50297518203e-05, 3.13632626785e-05, 2.06729837373e-05, 3.7436337152e-05, 1.76812227437e-05, 1.36559474413e-05, 1.96475193661e-05, 1.12028174044e-05, 6.98101939633e-06, 7.74418003857e-06, 1.00510824268e-05, 1.22748824651e-05, 6.86748808221e-06, 9.64187165664e-06, 2.98918657791e-05, 1.23644831547e-05, 5.36808784091e-06, 8.76854119269e-06, 5.48099660591e-06, 6.50279434922e-06, 6.31121793049e-06, 5.11242615175e-06, 7.43034706829e-06, 9.16985754884e-06, 4.58292743133e-06, 4.47634374723e-06, 4.8529018386e-06, 4.205931873e-06, 3.08563630824e-06, 4.49336539532e-06, 3.96773884859e-06, 2.34595313486e-06, 1.56392957251e-06, 7.55612290959e-07, 5.99481154495e-07, 8.58735745624e-07, 1.38649852488e-06, 9.6475389455e-07, 1.08600283966e-06, 7.48639706671e-07, 4.97044709391e-07, 4.62048745931e-07, 4.12535968053e-07, 4.01452894039e-07, 4.66665937893e-07, 4.65722564513e-07, 4.71558308845e-07, 4.10196662415e-07, 3.14259295919e-07, 3.14636878329e-07, 3.22968816135e-07, 3.40640241348e-07, 2.99256271319e-07, 3.07511129449e-07, 3.06178066012e-07, 2.46239835633e-07, 2.03095694928e-07, 1.68970927916e-07, 1.52119426389e-07, 1.40592206321e-07, 1.13367597976e-07, 9.26358083575e-08, 7.92417651496e-08, 6.46715747621e-08, 5.63107427354e-08, 6.03109668873e-08, 4.25737063381e-08, 4.6177031976e-08, 2.93871895707e-08, 2.44135822669e-08, 2.20621902969e-08, 2.05897308092e-08, 2.13283275485e-08, 1.80991861498e-08, 1.46657184175e-08, 1.18698766371e-08, 1.0147975793e-08, 7.58889040497e-09, 4.23648272019e-09, 3.37490702051e-09, 3.20504844886e-09, 2.6736719505e-09, 2.47025289113e-09, 2.22736296074e-09, 1.74488357096e-09, 1.43689471432e-09, 8.43257352834e-10, 8.14247419489e-11, 2.76253672715e-12, 2.73876299244e-12],
        "stdev": [0.000260006927419, 0.00132174475584, 0.00217115320265, 0.00280278688297, 0.0027971684467, 0.00242105149664, 0.00182168616448, 0.00200648372993, 0.00163555773906, 0.00161790347192, 0.00157184118871, 0.00161959172692, 0.00137281999923, 0.00154340662993, 0.00123121601064, 0.00146139261778, 0.000932486203965, 0.000517092004884, 0.000559314968996, 0.000929335947149, 0.000840869382955, 0.00118812010624, 0.000973812537268, 0.00104495917913, 0.000892464711796, 0.000388739717891, 0.000862281245645, 0.000678650452755, 0.0007867187378, 0.000482158327941, 0.000265195034444, 0.000586432986893, 0.00059810950188, 0.00017561421555, 0.000369199900888, 0.000354793737642, 0.000305591122014, 0.000193834042875, 0.000371582456864, 0.000227289652685, 0.000105927370896, 0.000194086402189, 9.71444605966e-05, 9.02324827621e-05, 0.000103342703369, 7.00137607055e-05, 4.13559719163e-05, 5.06098331243e-05, 5.66881135455e-05, 6.58675853629e-05, 5.85734087508e-05, 5.53295612917e-05, 0.000245909555815, 6.27994668321e-05, 3.67587417713e-05, 8.92538228072e-05, 2.32320744544e-05, 3.4431945096e-05, 3.54545445589e-05, 4.12840345234e-05, 3.54585317837e-05, 4.44870129286e-05, 2.36151445279e-05, 2.2013706257e-05, 2.20883484872e-05, 1.67908874573e-05, 1.09862085083e-05, 1.89416969079e-05, 1.71346346178e-05, 8.27524672786e-06, 5.67936649531e-06, 2.17384854295e-06, 1.76671312602e-06, 3.15742590828e-06, 5.37072810403e-06, 3.39286089002e-06, 3.93291747969e-06, 2.42127043748e-06, 1.40265842674e-06, 1.4032210629e-06, 1.62561445904e-06, 1.28187764403e-06, 1.54243821271e-06, 1.64505206612e-06, 1.86900717836e-06, 1.73355022071e-06, 2.22683024731e-06, 1.57706028858e-06, 1.76990704404e-06, 1.42864894315e-06, 1.43220142945e-06, 1.39880899042e-06, 1.33524110879e-06, 1.22434369132e-06, 9.68244762589e-07, 8.01287626473e-07, 7.34800778446e-07, 6.68822622174e-07, 5.3878864037e-07, 4.19409104779e-07, 3.50383999148e-07, 3.07092477669e-07, 2.55659898585e-07, 2.35045490626e-07, 1.691774969e-07, 1.93096738599e-07, 1.17545781109e-07, 9.62988053743e-08, 8.57452775449e-08, 8.52098835935e-08, 9.31121704184e-08, 8.26690467193e-08, 7.25016136016e-08, 6.23466789307e-08, 5.37906252873e-08, 4.30464552892e-08, 2.63735540074e-08, 2.50940050961e-08, 2.44089797263e-08, 1.93842133456e-08, 2.04899865963e-08, 2.12744293293e-08, 1.47678251849e-08, 1.1855140869e-08, 7.26377979987e-09, 7.33523686236e-10, 5.60280467854e-12, 5.56553284362e-12]
    },
    "mfcc": {
        "mean": [-794.387817383, 168.874938965, 22.8051433563, 31.6811008453, 10.9001893997, -0.723274946213, -7.13631010056, 3.67864203453, -6.1248793602, 0.732055306435, -4.50796699524, -2.39249873161, -2.03428435326],
        "cov": [[26593.0644531, -336.736694336, -2587.20458984, 215.771102905, -887.782958984, -27.0936088562, 321.736419678, 364.70223999, -30.7393741608, 305.216644287, 104.435928345, 143.507461548, -99.5731048584], [-336.736694336, 3264.92163086, -92.0060806274, -652.880126953, 24.8314266205, -199.513977051, -102.96912384, 189.966491699, 29.319190979, -22.5860996246, -39.5743751526, -61.4221229553, 42.7951202393], [-2587.20458984, -92.0060806274, 1183.06152344, 423.565093994, 209.258071899, 136.374420166, -15.5231361389, -82.0191192627, 103.305335999, -2.25750041008, 45.6096954346, 73.6650009155, 55.3897590637], [215.771102905, -652.880126953, 423.565093994, 1019.82971191, 318.932495117, 120.354827881, -19.9778289795, -113.445976257, 85.6594467163, 35.8332557678, 48.6217765808, 74.3504943848, 75.1581802368], [-887.782958984, 24.8314266205, 209.258071899, 318.932495117, 433.447998047, 134.623214722, -6.75610780716, -32.2312660217, 49.5043411255, 36.7089805603, 33.3489074707, 22.5728168488, 46.0617866516], [-27.0936088562, -199.513977051, 136.374420166, 120.354827881, 134.623214722, 292.374053955, 154.14515686, 25.7134075165, 63.0786628723, 43.32837677, 65.671333313, 56.9420852661, 7.53903436661], [321.736419678, -102.96912384, -15.5231361389, -19.9778289795, -6.75610780716, 154.14515686, 293.858428955, 124.922088623, 46.0371017456, 34.8570365906, 50.2646636963, 43.1799087524, -6.68953609467], [364.70223999, 189.966491699, -82.0191192627, -113.445976257, -32.2312660217, 25.7134075165, 124.922088623, 206.927719116, 54.8939285278, 26.0808696747, 20.2921123505, 11.8842411041, 10.3957586288], [-30.7393741608, 29.319190979, 103.305335999, 85.6594467163, 49.5043411255, 63.0786628723, 46.0371017456, 54.8939285278, 163.280502319, 44.2121734619, 29.3377132416, 26.7022953033, 14.6492128372], [305.216644287, -22.5860996246, -2.25750041008, 35.8332557678, 36.7089805603, 43.32837677, 34.8570365906, 26.0808696747, 44.2121734619, 164.86416626, 69.2300872803, 8.33660507202, 15.644162178], [104.435928345, -39.5743751526, 45.6096954346, 48.6217765808, 33.3489074707, 65.671333313, 50.2646636963, 20.2921123505, 29.3377132416, 69.2300872803, 147.919311523, 60.9997444153, 7.20811891556], [143.507461548, -61.4221229553, 73.6650009155, 74.3504943848, 22.5728168488, 56.9420852661, 43.1799087524, 11.8842411041, 26.7022953033, 8.33660507202, 60.9997444153, 117.574310303, 38.8410835266], [-99.5731048584, 42.7951202393, 55.3897590637, 75.1581802368, 46.0617866516, 7.53903436661, -6.68953609467, 10.3957586288, 14.6492128372, 15.644162178, 7.20811891556, 38.8410835266, 105.91746521]],
        "icov": [[6.3844199758e-05, -2.50726025115e-05, 0.000163971970323, -0.000150026055053, 0.000189548620256, -9.73102723947e-05, 3.36283846991e-05, -7.85956362961e-05, 3.01638610836e-05, -0.000133009787533, 6.13813244854e-05, -0.000152329012053, 9.23482730286e-05], [-2.50726025115e-05, 0.000441157724708, -0.000136263333843, 0.000422690762207, -0.000414082081988, 0.000343874329701, 0.000160821698955, -0.000343103689374, -0.000175974171725, 0.000146245409269, -0.000107461346488, 0.000143461526022, -0.000273619778454], [0.000163971970323, -0.000136263333843, 0.00153815606609, -0.000708226347342, 0.000409209635109, -0.00059807440266, 0.000185937344213, 0.000241983812884, -0.000481709983433, -1.42686676554e-05, 2.45787377935e-05, -0.000584894383792, 4.15264585172e-05], [-0.000150026055053, 0.000422690762207, -0.000708226347342, 0.00221819011495, -0.00159336405341, 0.000657371710986, -0.000210261161556, 0.000841815723106, -0.00078063813271, 0.000320665916661, -0.000212967541302, -1.85233784578e-05, -0.000883340428118], [0.000189548620256, -0.000414082081988, 0.000409209635109, -0.00159336405341, 0.00449938792735, -0.00239020911977, 0.00098444474861, -0.000232228747336, 0.000192223204067, -0.000621650542598, -5.07856884724e-06, 0.000438983290223, -0.000534869730473], [-9.73102723947e-05, 0.000343874329701, -0.00059807440266, 0.000657371710986, -0.00239020911977, 0.00722885038704, -0.00371241266839, 0.00140589964576, -0.00125824706629, -2.77218550764e-05, -0.000830847711768, -0.000962124438956, 0.000355829513865], [3.36283846991e-05, 0.000160821698955, 0.000185937344213, -0.000210261161556, 0.00098444474861, -0.00371241266839, 0.00727050984278, -0.00413567107171, 0.000611788709648, -0.00030959805008, -5.17356747878e-05, -0.00102405366488, 0.00105999398511], [-7.85956362961e-05, -0.000343103689374, 0.000241983812884, 0.000841815723106, -0.000232228747336, 0.00140589964576, -0.00413567107171, 0.00893911998719, -0.0027627851814, 0.000117866475193, -0.000457755231764, 0.000604343716986, -0.00162256171461], [3.01638610836e-05, -0.000175974171725, -0.000481709983433, -0.00078063813271, 0.000192223204067, -0.00125824706629, 0.000611788709648, -0.0027627851814, 0.00857450533658, -0.0018845628947, 0.000606257875916, -0.00105187098961, 0.000657980446704], [-0.000133009787533, 0.000146245409269, -1.42686676554e-05, 0.000320665916661, -0.000621650542598, -2.77218550764e-05, -0.00030959805008, 0.000117866475193, -0.0018845628947, 0.00901630520821, -0.00481474678963, 0.00326059618965, -0.00210211938247], [6.13813244854e-05, -0.000107461346488, 2.45787377935e-05, -0.000212967541302, -5.07856884724e-06, -0.000830847711768, -5.17356747878e-05, -0.000457755231764, 0.000606257875916, -0.00481474678963, 0.0118033625185, -0.00627888645977, 0.00246896129102], [-0.000152329012053, 0.000143461526022, -0.000584894383792, -1.85233784578e-05, 0.000438983290223, -0.000962124438956, -0.00102405366488, 0.000604343716986, -0.00105187098961, 0.00326059618965, -0.00627888645977, 0.0149269588292, -0.00551125733182], [9.23482730286e-05, -0.000273619778454, 4.15264585172e-05, -0.000883340428118, -0.000534869730473, 0.000355829513865, 0.00105999398511, -0.00162256171461, 0.000657980446704, -0.00210211938247, 0.00246896129102, -0.00551125733182, 0.0127497557551]]
    },
    "spectral_contrast_coeffs": {
        "mean": [-0.674884557724, -0.703105211258, -0.754707753658, -0.798537611961, -0.804823696613, -0.806396365166],
        "stdev": [0.0964241027832, 0.104015208781, 0.109507575631, 0.0725582912564, 0.0593067221344, 0.0494023822248]
    },
    "spectral_contrast_valleys": {
        "mean": [-7.3624792099, -7.91976308823, -9.05383491516, -9.30333423615, -9.44371032715, -11.9932575226],
        "stdev": [1.84462451935, 1.69950115681, 1.67620003223, 1.64556443691, 1.77182352543, 1.57630419731]
    }
},
"rhythm": {
    "beats_count": 578,
    "beats_loudness": {
        "mean": 0.0328304432333,
        "stdev": 0.0270680859685
    },
    "bpm": 148.84312439,
    "bpm_histogram_first_peak_bpm": 148,
    "bpm_histogram_first_peak_weight": 0.543568491936,
    "bpm_histogram_second_peak_bpm": 157,
    "bpm_histogram_second_peak_spread": 0.111111104488,
    "bpm_histogram_second_peak_weight": 0.0693240910769,
    "danceability": 1.02975153923,
    "onset_rate": 2.50718045235,
    "beats_loudness_band_ratio": {
        "mean": [0.507571876049, 0.263468295336, 0.171876370907, 0.072785615921, 0.0234457999468, 0.0135578429326],
        "stdev": [0.281960219145, 0.208119228482, 0.189606815577, 0.133062928915, 0.0435206741095, 0.0452406443655]
    },
    "beats_position": [0.429569154978, 0.882358253002, 1.34675729275, 1.79954648018, 2.26394557953, 2.71673464775, 3.14630389214, 3.5758728981, 4.00544214249, 4.42340135574, 4.85297060013, 5.27092981339, 5.6888885498, 6.10684776306, 6.51319694519, 6.93115615845, 7.3491153717, 7.74385452271, 8.12698364258, 8.52172279358, 8.91646194458, 9.32281208038, 9.72916126251, 10.1355104446, 10.5418596268, 10.9482088089, 11.354557991, 11.749297142, 12.144036293, 12.5503854752, 12.9567346573, 13.3630838394, 13.7926530838, 14.2106122971, 14.6285715103, 15.0349206924, 15.4296598434, 15.8360090256, 16.2307472229, 16.6138763428, 16.99700737, 17.391746521, 17.7748756409, 18.1696147919, 18.575963974, 18.970703125, 19.365442276, 19.760181427, 20.1665306091, 20.5728797913, 20.9792289734, 21.3855781555, 21.7803173065, 22.1866664886, 22.5930156708, 22.9877548218, 23.3824939728, 23.7888431549, 24.2184123993, 24.6247615814, 25.0311107635, 25.4374599457, 25.8205890656, 26.2153282166, 26.6216773987, 27.0280265808, 27.4227657318, 27.8291149139, 28.2354640961, 28.6418132782, 29.0481624603, 29.4661216736, 29.8608608246, 30.2672100067, 30.6735591888, 31.0682983398, 31.4630374908, 31.8577766418, 32.2525177002, 32.6472549438, 33.0419960022, 33.4483451843, 33.843082428, 34.2378234863, 34.6441726685, 35.0389099121, 35.4336509705, 35.8516082764, 36.269569397, 36.6875267029, 37.1054878235, 37.5234451294, 37.94140625, 38.3477554321, 38.765712738, 39.1720619202, 39.5784111023, 39.9847602844, 40.402721405, 40.8090705872, 41.2154197693, 41.6217689514, 42.0397262573, 42.4460754395, 42.8524246216, 43.2587738037, 43.6651229858, 44.071472168, 44.4778213501, 44.8841705322, 45.2905197144, 45.6968688965, 46.0916099548, 46.4863471985, 46.8810882568, 47.2758255005, 47.6821746826, 48.0885238647, 48.4948730469, 48.901222229, 49.2959632874, 49.7023124695, 50.1086616516, 50.5266189575, 50.9213600159, 51.3160972595, 51.6992263794, 52.1055755615, 52.5003166199, 52.906665802, 53.3130149841, 53.7077522278, 54.1024932861, 54.4972343445, 54.9035835266, 55.3099327087, 55.7046699524, 56.0994110107, 56.4941482544, 56.8888893127, 57.2836265564, 57.6899757385, 58.0847167969, 58.491065979, 58.8858032227, 59.280544281, 59.6868934631, 60.0932426453, 60.5111999512, 60.9059410095, 61.3122901917, 61.7186393738, 62.1365966797, 62.5429458618, 62.9376869202, 63.3440361023, 63.7387733459, 64.1451263428, 64.5514755249, 64.9694290161, 65.3757781982, 65.7705230713, 66.1652603149, 66.5599975586, 66.9663467407, 67.3610839844, 67.7558288574, 68.1505661011, 68.5453033447, 68.9400405884, 69.358001709, 69.7643508911, 70.1590881348, 70.5538330078, 70.9601821899, 71.3549194336, 71.7380523682, 72.1327896118, 72.5275268555, 72.9222640991, 73.3053970337, 73.7001342773, 74.094871521, 74.489616394, 74.8843536377, 75.2790908813, 75.673828125, 76.068572998, 76.4633102417, 76.8580474854, 77.276008606, 77.6939697266, 78.1119232178, 78.5182723999, 78.924621582, 79.3309707642, 79.7257156372, 80.1204528809, 80.526802063, 80.9215393066, 81.3278884888, 81.7458496094, 82.1521987915, 82.5469360352, 82.9648971558, 83.3596343994, 83.7659835815, 84.1839447021, 84.5902938843, 84.9966430664, 85.4029922485, 85.7977294922, 86.2040786743, 86.6104278564, 87.0167770386, 87.4231262207, 87.8294754028, 88.235824585, 88.6421737671, 89.0485229492, 89.4548721313, 89.8612213135, 90.2675704956, 90.6623077393, 91.0686569214, 91.4634017944, 91.8697509766, 92.2761001587, 92.6708374023, 93.0771865845, 93.4835357666, 93.9014968872, 94.3194503784, 94.7257995605, 95.1205444336, 95.5036697388, 95.8984146118, 96.2931518555, 96.6878890991, 97.0826263428, 97.4773712158, 97.8837203979, 98.2900695801, 98.6964187622, 99.1027679443, 99.5207214355, 99.9386825562, 100.356643677, 100.774604797, 101.180953979, 101.575691223, 101.982040405, 102.376777649, 102.79473877, 103.201087952, 103.607437134, 104.013786316, 104.420135498, 104.82648468, 105.232833862, 105.650794983, 106.068748474, 106.475097656, 106.881446838, 107.276191711, 107.682540894, 108.088890076, 108.506843567, 108.90158844, 109.296325684, 109.691062927, 110.097412109, 110.503761292, 110.898498535, 111.304847717, 111.711196899, 112.117546082, 112.523895264, 112.918640137, 113.324989319, 113.719726562, 114.126075745, 114.532424927, 114.938774109, 115.356735229, 115.763084412, 116.169433594, 116.575782776, 116.982131958, 117.38848114, 117.806434631, 118.212783813, 118.630744934, 119.037094116, 119.443443298, 119.84979248, 120.256141663, 120.674102783, 121.092063904, 121.510017395, 121.916366577, 122.322715759, 122.717460632, 123.123809814, 123.530158997, 123.948112488, 124.35446167, 124.760810852, 125.155555725, 125.561904907, 125.968254089, 126.374603271, 126.780952454, 127.175689697, 127.570426941, 127.976776123, 128.371520996, 128.76625061, 129.172607422, 129.567337036, 129.962081909, 130.368438721, 130.763168335, 131.14630127, 131.529434204, 131.912567139, 132.307296753, 132.690429688, 133.073562622, 133.468292236, 133.874649048, 134.280990601, 134.687347412, 135.093688965, 135.500045776, 135.906387329, 136.312744141, 136.719085693, 137.113830566, 137.520172119, 137.926528931, 138.321273804, 138.727615356, 139.133972168, 139.528701782, 139.923446655, 140.31817627, 140.712921143, 141.107666016, 141.50239563, 141.897140503, 142.291885376, 142.68661499, 143.069747925, 143.452880859, 143.847610474, 144.242355347, 144.648712158, 145.043441772, 145.449798584, 145.844528198, 146.239273071, 146.645614624, 147.028747559, 147.411880493, 147.795013428, 148.189743042, 148.584487915, 148.979232788, 149.373962402, 149.768707275, 150.16343689, 150.558181763, 150.952926636, 151.34765625, 151.742401123, 152.125534058, 152.520263672, 152.926620483, 153.344573975, 153.762542725, 154.180496216, 154.598449707, 155.016418457, 155.42276001, 155.84072876, 156.258682251, 156.665023804, 157.071380615, 157.489334106, 157.872467041, 158.243988037, 158.615509033, 158.998641968, 159.393371582, 159.799728394, 160.217681885, 160.635650635, 161.041992188, 161.459945679, 161.86630249, 162.284255981, 162.702224731, 163.120178223, 163.514923096, 163.921264648, 164.32762146, 164.745574951, 165.140319824, 165.546661377, 165.953018188, 166.347747803, 166.754104614, 167.160446167, 167.55519104, 167.949935913, 168.344665527, 168.7394104, 169.134140015, 169.505661011, 169.900405884, 170.295150757, 170.678268433, 171.061401367, 171.45614624, 171.839263916, 172.222396851, 172.605529785, 172.98866272, 173.371795654, 173.766525269, 174.17288208, 174.567611694, 174.962356567, 175.35710144, 175.763442993, 176.169799805, 176.576141357, 176.982498169, 177.388839722, 177.795196533, 178.201538086, 178.607894897, 179.002624512, 179.408981323, 179.803710938, 180.210067749, 180.604797363, 180.999542236, 181.405899048, 181.812240601, 182.206985474, 182.613327026, 183.019683838, 183.426025391, 183.809158325, 184.203903198, 184.598632812, 184.993377686, 185.37651062, 185.771240234, 186.177597046, 186.57232666, 186.967071533, 187.361816406, 187.768157959, 188.174514771, 188.569244385, 188.963989258, 189.358734131, 189.765075684, 190.159820557, 190.542938232, 190.937683105, 191.332427979, 191.738769531, 192.145126343, 192.539855957, 192.93460083, 193.329345703, 193.735687256, 194.11882019, 194.513549805, 194.908294678, 195.303039551, 195.697769165, 196.092514038, 196.487258911, 196.893600464, 197.299957275, 197.717910767, 198.135864258, 198.530609131, 198.925354004, 199.331695557, 199.738052368, 200.144393921, 200.550750732, 200.945480347, 201.34022522, 201.734954834, 202.129699707, 202.52444458, 202.919174194, 203.313919067, 203.720275879, 204.126617432, 204.532974243, 204.927703857, 205.334060669, 205.740402222, 206.146759033, 206.553100586, 206.959457397, 207.354187012, 207.760543823, 208.166885376, 208.573242188, 208.97958374, 209.385940552, 209.838729858, 210.291519165, 210.744308472, 211.162261963, 211.591827393, 212.021408081, 212.439361572, 212.857315063, 213.275283813, 213.704849243, 214.134414673, 214.575592041, 215.016769409, 215.469558716, 215.922348022, 216.375137329, 216.827926636, 217.199447632, 217.570968628, 217.954101562, 218.337234497, 218.731964111, 219.126708984, 219.521453857, 219.916183472, 220.299316406, 220.682449341, 221.065567017, 221.46031189, 221.843444824, 222.226577759, 222.621307373, 223.07409668, 223.526885986, 223.979675293, 224.444076538, 224.908477783, 225.372879028, 225.837280273, 226.173965454, 226.522262573, 226.870559692, 227.218856812, 227.555557251, 227.892242432, 228.228927612, 228.577224731, 228.925521851, 229.26222229, 229.598907471, 229.94720459, 230.295501709, 230.643798828, 230.980499268, 231.317184448, 231.653869629, 232.002166748, 232.350479126],
    "bpm_histogram": [0, 0, 0, 0, 0, 0, 0, 0, 0, 0, 0, 0, 0, 0, 0, 0, 0, 0, 0, 0, 0, 0, 0, 0, 0, 0, 0, 0, 0, 0, 0, 0, 0, 0, 0, 0, 0, 0, 0, 0, 0, 0, 0, 0, 0, 0, 0, 0, 0, 0, 0, 0, 0, 0, 0, 0, 0, 0, 0, 0, 0, 0, 0, 0, 0, 0, 0, 0, 0, 0, 0, 0, 0, 0, 0, 0, 0, 0, 0, 0, 0, 0, 0, 0, 0, 0, 0, 0, 0, 0, 0, 0, 0, 0, 0, 0, 0, 0, 0, 0, 0, 0, 0, 0, 0, 0, 0, 0, 0, 0, 0, 0, 0, 0, 0, 0, 0, 0, 0, 0, 0, 0, 0, 0, 0, 0, 0, 0, 0, 0.010398613289, 0, 0, 0, 0.0225303284824, 0, 0, 0.00346620450728, 0, 0, 0, 0.0173310227692, 0, 0, 0, 0.116117849946, 0, 0, 0, 0.381282508373, 0, 0, 0, 0.337954938412, 0, 0, 0, 0, 0.0693240910769, 0, 0, 0, 0.00866551138461, 0, 0, 0, 0, 0, 0, 0, 0, 0, 0, 0.0173310227692, 0, 0, 0, 0, 0, 0.0155979199335, 0, 0, 0, 0, 0, 0, 0, 0, 0, 0, 0, 0, 0, 0, 0, 0, 0, 0, 0, 0, 0, 0, 0, 0, 0, 0, 0, 0, 0, 0, 0, 0, 0, 0, 0, 0, 0, 0, 0, 0, 0, 0, 0, 0, 0, 0, 0, 0, 0, 0, 0, 0, 0, 0, 0, 0, 0, 0, 0, 0, 0, 0, 0, 0, 0, 0, 0, 0, 0, 0, 0]
},
"tonal": {
    "chords_changes_rate": 0.0721546709538,
    "chords_number_rate": 0.00358780147508,
    "chords_strength": {
        "mean": 0.534353256226,
        "stdev": 0.0911502316594
    },
    "hpcp_crest": {
        "mean": 15.9209985733,
        "stdev": 7.90753889084
    },
    "hpcp_entropy": {
        "mean": 1.70657968521,
        "stdev": 0.804082334042
    },
    "key_edma": {
        "strength": 0.844356894493,
        "key": "E",
        "scale": "major"
    },
    "key_krumhansl": {
        "strength": 0.846805632114,
        "key": "E",
        "scale": "major"
    },
    "key_temperley": {
        "strength": 0.851292967796,
        "key": "E",
        "scale": "major"
    },
    "tuning_diatonic_strength": 0.650777876377,
    "tuning_equal_tempered_deviation": 0.0984764024615,
    "tuning_frequency": 442.03793335,
    "tuning_nontempered_energy_ratio": 0.77578753233,
    "hpcp": {
        "mean": [0.0958019644022, 0.0334471352398, 0.0304502863437, 0.043646838516, 0.0749108940363, 0.189414381981, 0.245529487729, 0.131737753749, 0.044908195734, 0.032915763557, 0.0390747226775, 0.0927304401994, 0.124597862363, 0.0780507102609, 0.0397363454103, 0.0323206596076, 0.0324407555163, 0.0869377031922, 0.106588974595, 0.0880000293255, 0.222635746002, 0.257836103439, 0.111256234348, 0.049569118768, 0.0478161014616, 0.0852623432875, 0.218546718359, 0.241287633777, 0.115382969379, 0.0541675835848, 0.042521070689, 0.0533678904176, 0.0988610610366, 0.10790809989, 0.0796323046088, 0.112091496587],
        "stdev": [0.239365443587, 0.114922456443, 0.112721793354, 0.141240611672, 0.179342076182, 0.283645540476, 0.354085057974, 0.234984993935, 0.139251455665, 0.115226887167, 0.128941237926, 0.203988462687, 0.250658273697, 0.180167019367, 0.134070679545, 0.120491228998, 0.115296341479, 0.199513241649, 0.24159668386, 0.187721192837, 0.336369305849, 0.375952720642, 0.211262404919, 0.162155240774, 0.151188760996, 0.191994398832, 0.325791209936, 0.352592051029, 0.220542907715, 0.16554993391, 0.147397056222, 0.162388309836, 0.222366258502, 0.243783831596, 0.177876293659, 0.270481318235]
    },
    "chords_histogram": [15.8062591553, 3.44827580452, 17.6001586914, 3.42834353447, 7.51445102692, 2.31213879585, 2.23240971565, 5.16244745255, 7.01614522934, 2.71078324318, 1.55471396446, 0.039864461869, 1.41518831253, 0, 0.498305767775, 2.07295203209, 0.0597966909409, 3.78712368011, 0.398644596338, 2.75064778328, 0, 11.640422821, 4.72393846512, 3.82698822021],
