{
"metadata": {
    "version": {
        "essentia": "2.1-beta6-dev",
        "essentia_git_sha": "v2.1_beta5-1177-g1d1cc983",
        "extractor": "music 2.0"
    },
    "audio_properties": {
        "analysis": {
            "equal_loudness": 0,
            "length": 133.768692017,
            "sample_rate": 44100,
            "start_time": 0,
            "downmix": "mix"
        },
        "bit_rate": 1536000,
        "length": 133.768707275,
        "lossless": 1,
        "number_channels": 2,
        "replay_gain": -14.453042984,
        "sample_rate": 48000,
        "codec": "pcm_s16le",
        "md5_encoded": "aca75de6cc64623a4784d95c8f49e73b"
    },
    "tags": {
        "file_name": "Tommy Richman - ACTIN UP.wav",
        "album": ["ACTIN UP"],
        "artist": ["Tommy Richman"],
        "audiosourcewebpage": [""],
        "composer": ["PULSE Records"],
        "copyright": ["© 2025 ISO Supremacy., Under exclusive license to PULSE Records. Distributed by Concord."],
        "date": ["2025-02-07"],
        "isrc": ["USC4R2553047"],
        "title": ["ACTIN UP"],
        "tracknumber": ["1\/1"]
    }
},
"lowlevel": {
    "average_loudness": 0.905678451061,
    "barkbands_crest": {
        "mean": 12.8734302521,
        "stdev": 4.56197738647
    },
    "barkbands_flatness_db": {
        "mean": 0.224121361971,
        "stdev": 0.110499538481
    },
    "barkbands_kurtosis": {
        "mean": 40.94480896,
        "stdev": 280.007537842
    },
    "barkbands_skewness": {
        "mean": 3.24396085739,
        "stdev": 4.03782558441
    },
    "barkbands_spread": {
        "mean": 18.3502540588,
        "stdev": 20.0020160675
    },
    "dissonance": {
        "mean": 0.455417692661,
        "stdev": 0.0388850495219
    },
    "dynamic_complexity": 3.50573062897,
    "erbbands_crest": {
        "mean": 10.0362148285,
        "stdev": 4.55519914627
    },
    "erbbands_flatness_db": {
        "mean": 0.157994031906,
        "stdev": 0.064995393157
    },
    "erbbands_kurtosis": {
        "mean": 1.87345838547,
        "stdev": 5.13540220261
    },
    "erbbands_skewness": {
        "mean": 0.345278769732,
        "stdev": 1.35576546192
    },
    "erbbands_spread": {
        "mean": 51.2648620605,
        "stdev": 37.6821212769
    },
    "hfc": {
        "mean": 33.1222839355,
        "stdev": 49.9591522217
    },
    "loudness_ebu128": {
        "integrated": -8.14951133728,
        "loudness_range": 3.56604814529,
        "momentary": {
            "mean": -10.531162262,
            "stdev": 22.1468429565
        },
        "short_term": {
            "mean": -8.3781785965,
            "stdev": 1.58593904972
        }
    },
    "melbands_crest": {
        "mean": 22.7882022858,
        "stdev": 10.9451255798
    },
    "melbands_flatness_db": {
        "mean": 0.297259688377,
        "stdev": 0.146245494485
    },
    "melbands_kurtosis": {
        "mean": 131.332077026,
        "stdev": 280.289001465
    },
    "melbands_skewness": {
        "mean": 6.34910297394,
        "stdev": 6.71806430817
    },
    "melbands_spread": {
        "mean": 25.3144493103,
        "stdev": 43.814743042
    },
    "pitch_salience": {
        "mean": 0.410562962294,
        "stdev": 0.184674546123
    },
    "silence_rate_20dB": {
        "mean": 1,
        "stdev": 0
    },
    "silence_rate_30dB": {
        "mean": 0.568031907082,
        "stdev": 0.495344310999
    },
    "silence_rate_60dB": {
        "mean": 0.110551893711,
        "stdev": 0.31356176734
    },
    "spectral_centroid": {
        "mean": 1406.59228516,
        "stdev": 1437.62463379
    },
    "spectral_complexity": {
        "mean": 11.4009027481,
        "stdev": 10.0524024963
    },
    "spectral_decrease": {
        "mean": -2.03742054339e-08,
        "stdev": 1.77813355151e-08
    },
    "spectral_energy": {
        "mean": 0.079901278019,
        "stdev": 0.0671037808061
    },
    "spectral_energyband_high": {
        "mean": 0.00218453886919,
        "stdev": 0.00468941358849
    },
    "spectral_energyband_low": {
        "mean": 0.0627681836486,
        "stdev": 0.0651729255915
    },
    "spectral_energyband_middle_high": {
        "mean": 0.00371442432515,
        "stdev": 0.00661728251725
    },
    "spectral_energyband_middle_low": {
        "mean": 0.00980514008552,
        "stdev": 0.0140384752303
    },
    "spectral_entropy": {
        "mean": 7.55068159103,
        "stdev": 0.769200265408
    },
    "spectral_flux": {
        "mean": 0.0965802967548,
        "stdev": 0.0730783715844
    },
    "spectral_kurtosis": {
        "mean": 5.7672867775,
        "stdev": 9.25786876678
    },
    "spectral_rms": {
        "mean": 0.00761724077165,
        "stdev": 0.0044643105939
    },
    "spectral_rolloff": {
        "mean": 2151.45727539,
        "stdev": 3762.15771484
    },
    "spectral_skewness": {
        "mean": 1.67725491524,
        "stdev": 0.97151607275
    },
    "spectral_spread": {
        "mean": 6898446.5,
        "stdev": 4746542
    },
    "spectral_strongpeak": {
        "mean": 1.15141534805,
        "stdev": 1.67190396786
    },
    "zerocrossingrate": {
        "mean": 0.0707578137517,
        "stdev": 0.094974681735
    },
    "barkbands": {
        "mean": [0.0206273943186, 0.0397094860673, 0.00396092748269, 0.00121024181135, 0.00249551516026, 0.00151770329103, 0.00122563540936, 0.001994055463, 0.00116908841301, 0.00116841332056, 0.000244428141741, 0.000343574938597, 0.000392300396925, 0.000585547939409, 0.000247755262535, 0.000218545988901, 0.000268912437605, 0.000122814381029, 0.000160211260663, 0.00011255787831, 0.000107025924081, 0.000163784148754, 0.000574535806663, 0.000399900280172, 0.000337540986948, 0.000402198988013, 0.000141036434798],
        "stdev": [0.0251416135579, 0.042496599257, 0.00599264726043, 0.00273482385091, 0.00484231626615, 0.00377038354054, 0.00365710095502, 0.00687639694661, 0.0040012546815, 0.00406244583428, 0.000915624375921, 0.00112798332702, 0.00128033419605, 0.00153129012324, 0.000642306462396, 0.00044300040463, 0.000685134436935, 0.000300424959278, 0.000467788457172, 0.000297891150694, 0.000271777884336, 0.000382818776416, 0.00158626236953, 0.00102685985621, 0.000784475647379, 0.00121649960056, 0.000465680699563]
    },
    "erbbands": {
        "mean": [2.42221999168, 3.90281701088, 5.57794475555, 3.7692732811, 7.45050811768, 7.56042575836, 7.77284860611, 14.2937812805, 18.3192234039, 25.2752189636, 45.9898033142, 24.9671382904, 30.9721946716, 24.3187007904, 10.6708307266, 13.9527368546, 18.4780139923, 21.5149230957, 24.6285953522, 12.7177124023, 11.6794633865, 15.951417923, 8.16908931732, 8.01370811462, 6.38629770279, 5.38700819016, 4.34482192993, 4.50827932358, 5.58318376541, 9.59667015076, 16.1190795898, 10.9575576782, 5.89919996262, 3.5067718029, 2.51286864281, 1.73268640041, 0.766739189625, 0.179459482431, 0.0270204413682, 0.000952196482103],
        "stdev": [2.78278779984, 6.8365187645, 9.21811676025, 7.49142837524, 17.1713104248, 16.3263263702, 21.9273948669, 38.2333755493, 49.5297927856, 86.8796234131, 141.776885986, 75.1183700562, 93.7850265503, 78.9434204102, 35.7053833008, 43.4162635803, 59.5617866516, 68.9101791382, 52.1561813354, 27.6509838104, 23.299331665, 41.2561035156, 17.7601318359, 23.7836170197, 17.126832962, 13.8041658401, 12.1966371536, 10.3196907043, 13.136264801, 25.3116931915, 44.6682739258, 30.5220146179, 13.1043767929, 7.74871826172, 6.38474845886, 5.10909414291, 2.35924220085, 0.571237385273, 0.0882517248392, 0.00287811504677]
    },
    "gfcc": {
        "mean": [-44.2090911865, 63.6077041626, -80.76927948, 21.0581932068, -46.4331817627, 18.3035907745, -36.4752006531, 11.657500267, -11.9246206284, 2.49580264091, -13.7017202377, 0.0629750192165, -11.1052980423],
        "cov": [[23552.3613281, -1642.92028809, -168.896835327, 368.639312744, -1370.56542969, 617.119018555, -813.894348145, 431.001556396, -29.5193576813, 378.026611328, -341.148193359, 67.9787063599, -481.369781494], [-1642.92028809, 4531.18701172, -341.215057373, 288.66204834, 1392.29467773, -333.203826904, 460.502563477, -0.737463712692, 227.137405396, -103.895576477, 319.697021484, -194.085678101, 349.24029541], [-168.896835327, -341.215057373, 2890.83691406, 986.253540039, 520.882324219, 630.316772461, 250.410369873, 44.0408859253, 286.708007812, 175.165313721, 131.527389526, 229.550048828, 19.0921859741], [368.639312744, 288.66204834, 986.253540039, 1049.45117188, 465.315704346, 393.193237305, 199.840072632, 95.9744491577, 216.185882568, 160.108032227, 174.580123901, 95.0678024292, 69.5586395264], [-1370.56542969, 1392.29467773, 520.882324219, 465.315704346, 1099.79174805, 148.563354492, 450.594207764, 105.63243103, 221.013015747, 49.3400230408, 177.422317505, 30.396314621, 178.026977539], [617.119018555, -333.203826904, 630.316772461, 393.193237305, 148.563354492, 588.072692871, 229.651077271, 172.873748779, 132.413101196, 96.9410247803, 86.6266479492, 101.202278137, 16.4838523865], [-813.894348145, 460.502563477, 250.410369873, 199.840072632, 450.594207764, 229.651077271, 520.27142334, 162.748626709, 137.612640381, 44.9280433655, 111.325927734, 47.6336479187, 95.2113876343], [431.001556396, -0.737463712692, 44.0408859253, 95.9744491577, 105.63243103, 172.873748779, 162.748626709, 226.431503296, 128.213058472, 76.9387130737, 67.4575195312, 41.5435409546, 25.438785553], [-29.5193576813, 227.137405396, 286.708007812, 216.185882568, 221.013015747, 132.413101196, 137.612640381, 128.213058472, 245.00617981, 136.843856812, 108.119598389, 36.8380584717, 64.8696670532], [378.026611328, -103.895576477, 175.165313721, 160.108032227, 49.3400230408, 96.9410247803, 44.9280433655, 76.9387130737, 136.843856812, 191.668136597, 80.0146026611, 41.4608917236, 13.6119661331], [-341.148193359, 319.697021484, 131.527389526, 174.580123901, 177.422317505, 86.6266479492, 111.325927734, 67.4575195312, 108.119598389, 80.0146026611, 180.558746338, 38.7334136963, 47.1839103699], [67.9787063599, -194.085678101, 229.550048828, 95.0678024292, 30.396314621, 101.202278137, 47.6336479187, 41.5435409546, 36.8380584717, 41.4608917236, 38.7334136963, 136.464080811, 38.5922203064], [-481.369781494, 349.24029541, 19.0921859741, 69.5586395264, 178.026977539, 16.4838523865, 95.2113876343, 25.438785553, 64.8696670532, 13.6119661331, 47.1839103699, 38.5922203064, 141.023300171]],
        "icov": [[6.69366418151e-05, -6.85279883328e-05, 1.48859580804e-05, -5.55735023227e-05, 8.7405423983e-05, -0.000104354417999, 0.00013051526912, -0.000218396569835, 8.37303814478e-05, -0.000208804907743, 0.000273771380307, -0.000132572589791, 0.000203041738132], [-6.85279883328e-05, 0.000711024680641, 6.01088977419e-05, -5.13315171702e-06, -0.000717277929652, 0.000484906515339, -0.000117164789117, 0.000312661664793, -0.000311497657094, 0.000849337782711, -0.00117509125266, 0.00113158905879, -0.00098403939046], [1.48859580804e-05, 6.01088977419e-05, 0.00074721686542, -0.000395563751226, -0.000237922082306, -0.000465029705083, -1.80186532361e-06, 0.000880090869032, -0.000917827070225, 0.000255849357927, 0.000328623369569, -0.00090164411813, 0.000727358215954], [-5.55735023227e-05, -5.13315171702e-06, -0.000395563751226, 0.00204223231412, -0.000593410688452, -0.000794432184193, 0.000334085663781, 0.000425714737503, -3.92433539673e-05, -0.000568872434087, -0.000886196328793, 0.000255594815826, -0.00029159738915], [8.7405423983e-05, -0.000717277929652, -0.000237922082306, -0.000593410688452, 0.00285482290201, 7.71784034441e-05, -0.00128154398408, -0.000138274830533, -0.000457008398371, -0.000102791142126, 0.000645100953989, -0.00042498568655, -0.000202581140911], [-0.000104354417999, 0.000484906515339, -0.000465029705083, -0.000794432184193, 7.71784034441e-05, 0.00403086934239, -0.00124760088511, -0.00164290494286, 0.000211082864553, 0.000689137319569, -0.000923591491301, 0.000120986369438, -0.000419877673266], [0.00013051526912, -0.000117164789117, -1.80186532361e-06, 0.000334085663781, -0.00128154398408, -0.00124760088511, 0.00442018266767, -0.00220898143016, 0.000552151177544, -0.000105221872218, -5.58323808946e-05, -9.50214307522e-05, -0.000450186198577], [-0.000218396569835, 0.000312661664793, 0.000880090869032, 0.000425714737503, -0.000138274830533, -0.00164290494286, -0.00220898143016, 0.0103431874886, -0.00501830689609, 0.000864608970005, -0.00097378261853, -0.0012789091561, 0.00104402052239], [8.37303814478e-05, -0.000311497657094, -0.000917827070225, -3.92433539673e-05, -0.000457008398371, 0.000211082864553, 0.000552151177544, -0.00501830689609, 0.0126617643982, -0.00638185767457, -0.00108379940502, 0.00208032922819, -0.00312945921905], [-0.000208804907743, 0.000849337782711, 0.000255849357927, -0.000568872434087, -0.000102791142126, 0.000689137319569, -0.000105221872218, 0.000864608970005, -0.00638185767457, 0.0117361471057, -0.00342923589051, -0.000437577080447, 0.000464053562609], [0.000273771380307, -0.00117509125266, 0.000328623369569, -0.000886196328793, 0.000645100953989, -0.000923591491301, -5.58323808946e-05, -0.00097378261853, -0.00108379940502, -0.00342923589051, 0.0113962218165, -0.00325296702795, 0.00165089662187], [-0.000132572589791, 0.00113158905879, -0.00090164411813, 0.000255594815826, -0.00042498568655, 0.000120986369438, -9.50214307522e-05, -0.0012789091561, 0.00208032922819, -0.000437577080447, -0.00325296702795, 0.0129041681066, -0.00579931493849], [0.000203041738132, -0.00098403939046, 0.000727358215954, -0.00029159738915, -0.000202581140911, -0.000419877673266, -0.000450186198577, 0.00104402052239, -0.00312945921905, 0.000464053562609, 0.00165089662187, -0.00579931493849, 0.0131162293255]]
    },
    "melbands": {
        "mean": [0.0166527088732, 0.0033631825354, 0.00078965886496, 0.000552515208255, 0.000282274355413, 0.000319601298543, 0.000273117882898, 0.000320026127156, 0.000363772996934, 0.000141993776197, 0.000165647186805, 0.00011606841872, 3.36529337801e-05, 3.4985714592e-05, 4.54859837191e-05, 3.53715331585e-05, 4.22163539042e-05, 4.68927137263e-05, 1.86505840247e-05, 1.55747748067e-05, 1.25668120745e-05, 1.72289455804e-05, 1.06922097984e-05, 5.35752997166e-06, 6.66092364554e-06, 6.00629664405e-06, 3.69653866983e-06, 3.51790436071e-06, 2.7457865599e-06, 2.52749373431e-06, 2.56254634223e-06, 2.88325418296e-06, 3.60301442015e-06, 6.65036213832e-06, 8.84638666321e-06, 9.90689659375e-06, 6.00881367063e-06, 4.38810502601e-06, 3.20959134115e-06, 2.82813675767e-06],
        "stdev": [0.018010482192, 0.006185838487, 0.00141499831807, 0.0011135408422, 0.000707182683982, 0.000810872006696, 0.000725704943761, 0.00112425198313, 0.00110824382864, 0.000435637717601, 0.000515145598911, 0.000397697731387, 0.000120864329801, 0.000128198342281, 0.000163937933394, 0.000117785108159, 0.000144569174154, 0.00010576369823, 5.08474004164e-05, 3.40595615853e-05, 2.66540737357e-05, 4.72876927233e-05, 2.86520589725e-05, 1.44845225805e-05, 2.09843692573e-05, 1.7237769498e-05, 1.07830874185e-05, 9.32787133934e-06, 7.79479250923e-06, 7.18632873031e-06, 5.76556112719e-06, 6.64234357828e-06, 9.23003790376e-06, 1.91455837921e-05, 2.59129046754e-05, 2.75522015727e-05, 1.59969586093e-05, 9.89786349237e-06, 6.74452076055e-06, 6.48732384434e-06]
    },
    "melbands128": {
        "mean": [0.0185664333403, 0.0265354737639, 0.0117404581979, 0.00547952530906, 0.00352491205558, 0.00158161553554, 0.000657666416373, 0.0006479047006, 0.000844705675263, 0.000552155484911, 0.000388644461054, 0.000323871005094, 0.000259903434198, 0.000218501445488, 0.000291241507512, 0.00041463659727, 0.000343051360687, 0.000231477315538, 0.000199851172511, 0.000247575255344, 0.00040013436228, 0.000498244480696, 0.000342964398442, 0.000282146967947, 0.000135685622809, 9.36020514928e-05, 0.000118021176604, 0.000116573406558, 0.000298328843201, 0.000162210635608, 4.0276805521e-05, 4.25683538197e-05, 3.06470683427e-05, 2.72167617368e-05, 4.18300769525e-05, 3.40444530593e-05, 2.70045020443e-05, 5.57572711841e-05, 4.9021346058e-05, 3.87110121665e-05, 2.91013038805e-05, 3.56622585969e-05, 3.53187824658e-05, 3.71536698367e-05, 8.66612026584e-05, 3.78382428607e-05, 2.05285796255e-05, 2.21630161832e-05, 1.54529225256e-05, 1.47264981933e-05, 1.86409451999e-05, 1.13553005576e-05, 1.54348599608e-05, 1.0788066902e-05, 1.09825687105e-05, 2.25512158067e-05, 1.73771186383e-05, 1.34401607284e-05, 7.49921491661e-06, 6.39773816147e-06, 5.68484801988e-06, 3.83892393074e-06, 4.96094799018e-06, 6.02621503276e-06, 1.30885382532e-05, 4.44423812951e-06, 3.6192927837e-06, 3.90128388972e-06, 3.30634020429e-06, 4.09350104746e-06, 3.45837406712e-06, 3.48894923263e-06, 2.96734879157e-06, 2.5520841973e-06, 2.58386148744e-06, 2.30074601859e-06, 2.57027431871e-06, 2.95089762403e-06, 2.3386680823e-06, 2.49137474384e-06, 2.69748124992e-06, 3.00085548588e-06, 3.44918248629e-06, 3.88900571124e-06, 3.74978776563e-06, 3.04001946461e-06, 8.69508403412e-06, 1.20440654428e-05, 5.38036510989e-06, 8.26497398521e-06, 1.61946754815e-05, 8.11071731732e-06, 4.88065688842e-06, 6.17290561422e-06, 6.59063971398e-06, 5.35318440598e-06, 3.49209153683e-06, 3.67110897059e-06, 3.16937212119e-06, 2.99105113299e-06, 3.08209996547e-06, 2.48765445576e-06, 2.94698384096e-06, 3.10651512336e-06, 2.42808960138e-06, 3.19387072523e-06, 2.71026192422e-06, 2.58731643044e-06, 3.17863373311e-06, 3.44930276697e-06, 2.9212831123e-06, 2.85842611447e-06, 2.41091038333e-06, 2.28788803724e-06, 1.42690987559e-06, 1.51844085394e-06, 1.40291570006e-06, 1.05792389604e-06, 1.05098342829e-06, 8.89528166681e-07, 8.58836926909e-07, 5.30087788775e-07, 2.78382827901e-07, 9.76226317562e-08, 5.7472149706e-08, 7.34064453667e-09, 1.68119407284e-11, 1.24847571517e-11],
        "stdev": [0.0227161683142, 0.0318026095629, 0.0134836034849, 0.0130488425493, 0.00683072535321, 0.00250069936737, 0.0016279257834, 0.00142124248669, 0.00222635478713, 0.00143515970558, 0.00109191332012, 0.000959072844125, 0.000982988975011, 0.000705885642674, 0.000891853007488, 0.00141616736073, 0.00106463511474, 0.000911117473152, 0.000917850993574, 0.00117129192222, 0.00190935877617, 0.00208833813667, 0.00124068139121, 0.00143398239743, 0.000522532325704, 0.000383149163099, 0.00058684888063, 0.00049005751498, 0.0011266337242, 0.000679342192598, 0.000169323480804, 0.000197306493646, 0.000152057225932, 0.000147820130223, 0.000206821583561, 0.0001569736487, 0.000118246127386, 0.000266646995442, 0.000199861329747, 0.000174509623321, 0.000137356444611, 0.000157045898959, 0.000192053848878, 0.000195401240489, 0.000233562241192, 9.94513829937e-05, 6.72765891068e-05, 7.89701152826e-05, 5.46506453247e-05, 3.69211265934e-05, 5.39807697351e-05, 2.40098197537e-05, 4.76561435789e-05, 2.16705266212e-05, 2.76727678283e-05, 7.54371940275e-05, 5.24903916812e-05, 5.63022294955e-05, 1.77168985829e-05, 1.56605001393e-05, 1.72278869286e-05, 1.19649566841e-05, 2.65718117589e-05, 2.06212134799e-05, 5.4069700127e-05, 1.30568314489e-05, 1.21812108773e-05, 1.32887707878e-05, 9.53085509536e-06, 1.26194017867e-05, 9.30961414269e-06, 1.20623435578e-05, 9.85445694823e-06, 7.3416313171e-06, 9.51384026848e-06, 7.90194462752e-06, 6.90786237101e-06, 7.64448304835e-06, 5.82888196732e-06, 6.66494497636e-06, 6.01967667535e-06, 8.337449799e-06, 8.47158116812e-06, 1.181305106e-05, 9.03027466848e-06, 6.90652314006e-06, 2.51390720223e-05, 4.55439512734e-05, 1.64232933457e-05, 2.00530193979e-05, 4.44013639935e-05, 2.24575396714e-05, 2.08968212974e-05, 1.79389917321e-05, 1.4237933101e-05, 1.25869291878e-05, 9.31793056225e-06, 7.77807963459e-06, 6.72816031511e-06, 6.71458883517e-06, 7.0694045462e-06, 6.04505203228e-06, 7.17194870958e-06, 8.16814372229e-06, 5.96552854404e-06, 9.61994555837e-06, 7.14881662134e-06, 7.75279841037e-06, 9.5323593996e-06, 1.12154784802e-05, 8.67428752827e-06, 9.19350895856e-06, 7.63421212469e-06, 7.2397947406e-06, 4.18444096795e-06, 4.72363444715e-06, 4.82467430629e-06, 3.61597039955e-06, 3.6023877783e-06, 2.92569029625e-06, 2.87834791379e-06, 1.82839596619e-06, 9.93685262074e-07, 5.28883276729e-07, 3.3453855508e-07, 5.11180964224e-08, 3.20322275649e-11, 1.69785643878e-11]
    },
    "mfcc": {
        "mean": [-698.129699707, 108.211906433, 23.1563587189, 12.7997999191, 16.5904808044, 6.54338502884, -2.6727745533, 7.60602474213, 1.69250750542, 9.42041397095, 1.35146534443, 2.53468036652, -2.67228674889],
        "cov": [[12523.0742188, -1498.85400391, 519.229797363, -491.687561035, -237.610122681, -222.433624268, -423.148590088, -112.847846985, -64.4413757324, 323.034423828, 89.7135848999, 192.871643066, 30.4514846802], [-1498.85400391, 3942.61938477, -849.388366699, 713.211791992, 561.430358887, 88.149055481, 379.055358887, 84.3521499634, 226.670181274, 23.1331748962, 42.6583824158, 5.84532976151, 79.6810073853], [519.229797363, -849.388366699, 2156.15356445, 368.888336182, 454.757324219, 541.942749023, 81.7567062378, 203.672210693, 69.7298660278, 100.130088806, 106.229438782, 207.411193848, 168.807418823], [-491.687561035, 713.211791992, 368.888336182, 819.099121094, 474.492828369, 335.966400146, 204.312057495, 114.326713562, 175.099533081, 56.6280479431, 115.47480011, 136.359313965, 136.376068115], [-237.610122681, 561.430358887, 454.757324219, 474.492828369, 624.065490723, 337.855865479, 177.065170288, 148.228042603, 145.13432312, 88.6258010864, 95.9451141357, 123.067077637, 119.621376038], [-222.433624268, 88.149055481, 541.942749023, 335.966400146, 337.855865479, 471.953277588, 253.143310547, 194.849395752, 169.05039978, 77.3650588989, 129.914306641, 123.414382935, 103.311080933], [-423.148590088, 379.055358887, 81.7567062378, 204.312057495, 177.065170288, 253.143310547, 371.41897583, 234.241317749, 146.197662354, 72.3222579956, 108.736091614, 88.9256057739, 68.6708526611], [-112.847846985, 84.3521499634, 203.672210693, 114.326713562, 148.228042603, 194.849395752, 234.241317749, 286.73614502, 145.013183594, 65.9295806885, 88.638671875, 90.6602630615, 77.0230331421], [-64.4413757324, 226.670181274, 69.7298660278, 175.099533081, 145.13432312, 169.05039978, 146.197662354, 145.013183594, 236.795974731, 88.1683197021, 90.4904937744, 77.1783294678, 70.4878082275], [323.034423828, 23.1331748962, 100.130088806, 56.6280479431, 88.6258010864, 77.3650588989, 72.3222579956, 65.9295806885, 88.1683197021, 215.146560669, 107.959320068, 39.6650238037, 42.8922691345], [89.7135848999, 42.6583824158, 106.229438782, 115.47480011, 95.9451141357, 129.914306641, 108.736091614, 88.638671875, 90.4904937744, 107.959320068, 181.322052002, 117.420898438, 57.3959236145], [192.871643066, 5.84532976151, 207.411193848, 136.359313965, 123.067077637, 123.414382935, 88.9256057739, 90.6602630615, 77.1783294678, 39.6650238037, 117.420898438, 245.933120728, 110.202102661], [30.4514846802, 79.6810073853, 168.807418823, 136.376068115, 119.621376038, 103.311080933, 68.6708526611, 77.0230331421, 70.4878082275, 42.8922691345, 57.3959236145, 110.202102661, 157.121902466]],
        "icov": [[9.48871602304e-05, 1.24451862575e-05, -1.4455926248e-05, 3.4918084566e-05, 1.23963118313e-05, 1.31083706947e-05, 0.000133935260237, -3.02356802422e-05, 1.35445998239e-06, -0.000199855989194, 5.3866806411e-05, -0.000139769661473, 3.10551695293e-05], [1.24451862575e-05, 0.000479832640849, 0.000208405734156, -0.000260027998593, -0.000511100690346, 0.000455205125036, -0.000620150996838, 0.00033950881334, -0.00024846137967, 0.000111814762931, 6.95821872796e-05, 0.000142469041748, -9.39451492741e-05], [-1.4455926248e-05, 0.000208405734156, 0.000989174703136, -0.000202456474653, -0.000262671936071, -0.00120069016702, 0.000775001069997, -0.000635174044874, 0.000694885791745, -0.000375425617676, 0.000512371829245, -0.000349655892933, -0.000178969989065], [3.4918084566e-05, -0.000260027998593, -0.000202456474653, 0.00278430036269, -0.00126458948944, -0.000489539408591, -0.000441873678938, 0.00112360564526, -0.000813564634882, 0.000623430067208, -0.000611446565017, 4.58378463009e-06, -0.000732152722776], [1.23963118313e-05, -0.000511100690346, -0.000262671936071, -0.00126458948944, 0.0042723082006, -0.00205183215439, 0.00120602338575, -0.00102034455631, 0.000555617618375, -0.00117052788846, 0.000911344424821, -0.000604387081694, -0.000132528846734], [1.31083706947e-05, 0.000455205125036, -0.00120069016702, -0.000489539408591, -0.00205183215439, 0.00785295479, -0.00392982317135, 0.00107873638626, -0.00230152742006, 0.00149349297862, -0.00209944276139, 0.000947337772232, -0.000203853298444], [0.000133935260237, -0.000620150996838, 0.000775001069997, -0.000441873678938, 0.00120602338575, -0.00392982317135, 0.00919719226658, -0.0058591356501, 0.00125742598902, -0.0011360909557, -0.000300023850286, -0.000670455105137, 0.000683610967826], [-3.02356802422e-05, 0.00033950881334, -0.000635174044874, 0.00112360564526, -0.00102034455631, 0.00107873638626, -0.0058591356501, 0.00993293896317, -0.00335977459326, 0.000796562817413, -0.000406189006753, 5.80322521273e-05, -0.00130262610037], [1.35445998239e-06, -0.00024846137967, 0.000694885791745, -0.000813564634882, 0.000555617618375, -0.00230152742006, 0.00125742598902, -0.00335977459326, 0.00862724054605, -0.00215517217293, -8.23736627353e-05, -0.000512102385983, -0.000619684578851], [-0.000199855989194, 0.000111814762931, -0.000375425617676, 0.000623430067208, -0.00117052788846, 0.00149349297862, -0.0011360909557, 0.000796562817413, -0.00215517217293, 0.00844483356923, -0.0054841269739, 0.00259034731425, -0.00129250832833], [5.3866806411e-05, 6.95821872796e-05, 0.000512371829245, -0.000611446565017, 0.000911344424821, -0.00209944276139, -0.000300023850286, -0.000406189006753, -8.23736627353e-05, -0.0054841269739, 0.0132844243199, -0.00532697606832, 0.00136889400892], [-0.000139769661473, 0.000142469041748, -0.000349655892933, 4.58378463009e-06, -0.000604387081694, 0.000947337772232, -0.000670455105137, 5.80322521273e-05, -0.000512102385983, 0.00259034731425, -0.00532697606832, 0.00867579877377, -0.004188161809], [3.10551695293e-05, -9.39451492741e-05, -0.000178969989065, -0.000732152722776, -0.000132528846734, -0.000203853298444, 0.000683610967826, -0.00130262610037, -0.000619684578851, -0.00129250832833, 0.00136889400892, -0.004188161809, 0.0108768753707]]
    },
    "spectral_contrast_coeffs": {
        "mean": [-0.697916805744, -0.738931238651, -0.772700667381, -0.796454191208, -0.799402058125, -0.811559975147],
        "stdev": [0.108176030219, 0.0991694182158, 0.0830183029175, 0.0614564269781, 0.0505709685385, 0.0393227525055]
    },
    "spectral_contrast_valleys": {
        "mean": [-7.49287033081, -7.51904439926, -8.24659347534, -8.31341552734, -8.49690818787, -10.2651033401],
        "stdev": [2.33309984207, 2.06421589851, 2.0316836834, 2.05255436897, 2.07501292229, 2.27292180061]
    }
},
"rhythm": {
    "beats_count": 322,
    "beats_loudness": {
        "mean": 0.100433953106,
        "stdev": 0.0582688711584
    },
    "bpm": 144.93270874,
    "bpm_histogram_first_peak_bpm": 144,
    "bpm_histogram_first_peak_weight": 0.354430377483,
    "bpm_histogram_second_peak_bpm": 152,
    "bpm_histogram_second_peak_spread": 0,
    "bpm_histogram_second_peak_weight": 0.0155763244256,
    "danceability": 1.16830313206,
    "onset_rate": 4.4624915123,
    "beats_loudness_band_ratio": {
        "mean": [0.554680347443, 0.0575869902968, 0.114658877254, 0.120340108871, 0.0894789099693, 0.0785111412406],
        "stdev": [0.383339315653, 0.0776502862573, 0.137627437711, 0.158407986164, 0.123850047588, 0.12708106637]
    },
    "beats_position": [0.429569154978, 0.859138309956, 1.27709746361, 1.68344664574, 2.08979582787, 2.50775504112, 2.92571425438, 3.34367346764, 3.76163268089, 4.17959165573, 4.58594083786, 4.99229001999, 5.41024923325, 5.8282084465, 6.23455762863, 6.64090681076, 7.05886602402, 7.47682523727, 7.89478445053, 8.31274318695, 8.73070240021, 9.13705158234, 9.54340076447, 9.96135997772, 10.379319191, 10.7972784042, 11.2036275864, 11.6099767685, 12.0279359818, 12.445895195, 12.8522443771, 13.2585935593, 13.6765527725, 14.0945119858, 14.512471199, 14.9188203812, 15.3251695633, 15.7431287766, 16.1610889435, 16.5790481567, 16.99700737, 17.4033565521, 17.8097057343, 18.2276649475, 18.6456241608, 19.0635814667, 19.4699325562, 19.8762817383, 20.2942390442, 20.7121982574, 21.1301574707, 21.548116684, 21.9660758972, 22.3840351105, 22.7787742615, 23.1967334747, 23.614692688, 24.0326519012, 24.4390010834, 24.8569602966, 25.2633094788, 25.681268692, 26.0992279053, 26.5171871185, 26.9351463318, 27.3414955139, 27.747844696, 28.1658039093, 28.5837631226, 29.0017223358, 29.3964614868, 29.8144207001, 30.2323799133, 30.6503391266, 31.0566883087, 31.474647522, 31.8809967041, 32.2989578247, 32.7169151306, 33.1348762512, 33.5528335571, 33.9591827393, 34.3655319214, 34.783493042, 35.2014503479, 35.6194114685, 36.0141487122, 36.4321098328, 36.8616790771, 37.2680282593, 37.6859855652, 38.1039466858, 38.5219039917, 38.9398651123, 39.3462142944, 39.7525634766, 40.1705207825, 40.5768699646, 40.9832191467, 41.4011802673, 41.8191375732, 42.2370948792, 42.6318359375, 43.0497932434, 43.467754364, 43.8857116699, 44.3036727905, 44.7100219727, 45.1163711548, 45.5343284607, 45.9522895813, 46.3702468872, 46.7882080078, 47.1945571899, 47.6009063721, 48.018863678, 48.4368247986, 48.8547821045, 49.2611312866, 49.6674804688, 50.0854415894, 50.5033988953, 50.9213600159, 51.327709198, 51.7340583801, 52.152015686, 52.5699768066, 52.9879341125, 53.4058952332, 53.8238525391, 54.2302017212, 54.6365509033, 55.0545120239, 55.4724693298, 55.8904304504, 56.2967796326, 56.7031288147, 57.1210861206, 57.5390472412, 57.9570045471, 58.3749656677, 58.7813148499, 59.187664032, 59.6056213379, 60.0235824585, 60.4415397644, 60.8478889465, 61.2542381287, 61.6721992493, 62.0901565552, 62.5081176758, 62.9260749817, 63.3324241638, 63.7387733459, 64.1567306519, 64.5746917725, 64.9926528931, 65.4106140137, 65.8169631958, 66.2233123779, 66.6412658691, 67.0592269897, 67.4771881104, 67.8835372925, 68.2898864746, 68.7078475952, 69.1258010864, 69.543762207, 69.9617233276, 70.3680725098, 70.7744216919, 71.1923828125, 71.6103363037, 72.0282974243, 72.4346466064, 72.8409957886, 73.2589569092, 73.6769180298, 74.094871521, 74.5012207031, 74.9075698853, 75.3255310059, 75.7434921265, 76.1614532471, 76.5794067383, 76.9973678589, 77.4153289795, 77.8332901001, 78.2396392822, 78.6459884644, 79.0639419556, 79.4702911377, 79.8882522583, 80.3062133789, 80.712562561, 81.1305236816, 81.5368728638, 81.954826355, 82.3611755371, 82.7791366577, 83.1970977783, 83.6150588989, 84.0214080811, 84.4393615723, 84.8457107544, 85.263671875, 85.6816329956, 86.0995864868, 86.5175476074, 86.9238967896, 87.3302459717, 87.7482070923, 88.1661682129, 88.5841217041, 88.9904708862, 89.3968200684, 89.8263931274, 90.2327423096, 90.6507034302, 91.0686569214, 91.4750061035, 91.8929672241, 92.2993164062, 92.7172775269, 93.1352386475, 93.5415878296, 93.9479370117, 94.3658905029, 94.7838516235, 95.2018127441, 95.6081619263, 96.0145111084, 96.432472229, 96.8504257202, 97.2683868408, 97.6747360229, 98.0810852051, 98.4990463257, 98.9170074463, 99.3349609375, 99.7529220581, 100.15927124, 100.565620422, 100.983581543, 101.401542664, 101.819496155, 102.225845337, 102.632194519, 103.05015564, 103.46811676, 103.886077881, 104.292427063, 104.698776245, 105.116729736, 105.534690857, 105.952651978, 106.370613098, 106.788566589, 107.194915771, 107.601264954, 108.019226074, 108.437187195, 108.855148315, 109.273101807, 109.679450989, 110.085800171, 110.503761292, 110.921722412, 111.328071594, 111.746032715, 112.152381897, 112.570335388, 112.988296509, 113.406257629, 113.82421875, 114.230567932, 114.636917114, 115.054870605, 115.472831726, 115.890792847, 116.297142029, 116.703491211, 117.121452332, 117.539405823, 117.957366943, 118.375328064, 118.781677246, 119.188026428, 119.605987549, 120.02394104, 120.441902161, 120.848251343, 121.254600525, 121.672561646, 122.090522766, 122.508476257, 122.926437378, 123.33278656, 123.739135742, 124.157096863, 124.575057983, 124.993011475, 125.399360657, 125.805709839, 126.223670959, 126.64163208, 127.059593201, 127.465942383, 127.872291565, 128.290252686, 128.708206177, 129.126159668, 129.544128418, 129.962081909, 130.368438721, 130.774780273, 131.192733765, 131.610702515, 132.017044067, 132.41178894, 132.829742432, 133.247711182],
    "bpm_histogram": [0, 0, 0, 0, 0, 0, 0, 0, 0, 0, 0, 0, 0, 0, 0, 0, 0, 0, 0, 0, 0, 0, 0, 0, 0, 0, 0, 0, 0, 0, 0, 0, 0, 0, 0, 0, 0, 0, 0, 0, 0, 0, 0, 0, 0, 0, 0, 0, 0, 0, 0, 0, 0, 0, 0, 0, 0, 0, 0, 0, 0, 0, 0, 0, 0, 0, 0, 0, 0, 0, 0, 0, 0, 0, 0, 0, 0, 0, 0, 0, 0, 0, 0, 0, 0, 0, 0, 0, 0, 0, 0, 0, 0, 0, 0, 0, 0, 0, 0, 0, 0, 0, 0, 0, 0, 0, 0, 0, 0, 0, 0, 0, 0, 0, 0, 0, 0, 0, 0, 0, 0, 0, 0, 0, 0, 0, 0, 0, 0, 0, 0, 0, 0, 0, 0, 0, 0, 0, 0, 0, 0.00934579409659, 0, 0, 0, 0.63551402092, 0, 0, 0, 0.33956387639, 0, 0, 0, 0.0155763244256, 0, 0, 0, 0, 0, 0, 0, 0, 0, 0, 0, 0, 0, 0, 0, 0, 0, 0, 0, 0, 0, 0, 0, 0, 0, 0, 0, 0, 0, 0, 0, 0, 0, 0, 0, 0, 0, 0, 0, 0, 0, 0, 0, 0, 0, 0, 0, 0, 0, 0, 0, 0, 0, 0, 0, 0, 0, 0, 0, 0, 0, 0, 0, 0, 0, 0, 0, 0, 0, 0, 0, 0, 0, 0, 0, 0, 0, 0, 0, 0, 0, 0, 0, 0, 0, 0, 0, 0, 0, 0, 0, 0, 0, 0, 0, 0, 0]
},
"tonal": {
    "chords_changes_rate": 0.044413600117,
    "chords_number_rate": 0.00173490634188,
    "chords_strength": {
        "mean": 0.525407373905,
        "stdev": 0.0847339034081
    },
    "hpcp_crest": {
        "mean": 15.2064304352,
        "stdev": 7.15621137619
    },
    "hpcp_entropy": {
        "mean": 1.7444794178,
        "stdev": 0.793645918369
    },
    "key_edma": {
        "strength": 0.740019798279,
        "key": "C#",
        "scale": "major"
    },
    "key_krumhansl": {
        "strength": 0.749405920506,
        "key": "C#",
        "scale": "major"
    },
    "key_temperley": {
        "strength": 0.755658268929,
        "key": "C#",
        "scale": "major"
    },
    "tuning_diatonic_strength": 0.685025453568,
    "tuning_equal_tempered_deviation": 0.274121135473,
    "tuning_frequency": 434.193115234,
    "tuning_nontempered_energy_ratio": 0.94186091423,
    "hpcp": {
        "mean": [0.0469615347683, 0.0260430704802, 0.0274809338152, 0.0255456902087, 0.0277068242431, 0.0347663573921, 0.0405266061425, 0.0399398691952, 0.0377124026418, 0.042476952076, 0.0490166433156, 0.102149806917, 0.306847840548, 0.427473038435, 0.253495037556, 0.0920734405518, 0.0690280795097, 0.0661317259073, 0.0885972008109, 0.100534312427, 0.0705711022019, 0.0694093853235, 0.0815200209618, 0.066187672317, 0.0590031370521, 0.0498969219625, 0.044986307621, 0.0622031204402, 0.0686153545976, 0.058545421809, 0.0463821925223, 0.0373326204717, 0.0458044335246, 0.140252843499, 0.225073337555, 0.148366197944],
        "stdev": [0.10978808254, 0.0834159553051, 0.089803032577, 0.0856055468321, 0.0984410941601, 0.109913162887, 0.120878666639, 0.135742813349, 0.132867127657, 0.129543274641, 0.14599275589, 0.200345784426, 0.374462366104, 0.417826473713, 0.337390244007, 0.223840266466, 0.197962805629, 0.192797675729, 0.218884319067, 0.2458294034, 0.187142342329, 0.186659753323, 0.223601788282, 0.170152917504, 0.161346063018, 0.144334807992, 0.140791907907, 0.18149651587, 0.190760433674, 0.170531123877, 0.140958800912, 0.11610468477, 0.13075979054, 0.241341590881, 0.332669198513, 0.248504161835]
    },
    "chords_histogram": [24.4968776703, 0.3122831285, 1.9083969593, 0.2775849998, 0, 0, 0, 0, 0, 0.242886886001, 0, 0, 0, 0, 0, 2.74115204811, 0.728660643101, 65.1977767944, 0.0693962499499, 0.451075643301, 0, 0, 3.46981263161, 0.10409437865],
    "thpcp": [1, 0.593008220196, 0.215390056372, 0.161479368806, 0.154703855515, 0.207257986069, 0.235182821751, 0.165089011192, 0.162371382117, 0.190702140331, 0.154834732413, 0.138027742505, 0.116725310683, 0.1052377671, 0.145513549447, 0.160513877869, 0.136956989765, 0.108503200114, 0.0873332768679, 0.107151634991, 0.328097522259, 0.526520550251, 0.347077310085, 0.109858468175, 0.0609233044088, 0.0642869397998, 0.0597597695887, 0.0648153722286, 0.0813299417496, 0.0948050543666, 0.0934324860573, 0.0882217139006, 0.0993675589561, 0.114666044712, 0.238961994648, 0.717818021774],
    "chords_key": "C#",
    "chords_scale": "minor"
}
}