{
"metadata": {
    "version": {
        "essentia": "2.1-beta6-dev",
        "essentia_git_sha": "v2.1_beta5-1177-g1d1cc983",
        "extractor": "music 2.0"
    },
    "audio_properties": {
        "analysis": {
            "equal_loudness": 0,
            "length": 262.69329834,
            "sample_rate": 44100,
            "start_time": 0,
            "downmix": "mix"
        },
        "bit_rate": 1536000,
        "length": 262.693328857,
        "lossless": 1,
        "number_channels": 2,
        "replay_gain": -13.2330913544,
        "sample_rate": 48000,
        "codec": "pcm_s16le",
        "md5_encoded": "daca0ef75e25b7206f4b4c6806af728c"
    },
    "tags": {
        "file_name": "Travis Scott - Antidote.wav",
        "album": ["Rodeo"],
        "artist": ["Travis Scott"],
        "audiosourcewebpage": [""],
        "composer": ["Cactus Jack \/ Epic"],
        "copyright": ["(P) 2015 Cactus Jack Records, LLC under exclusive license to Epic Records, a division of Sony Music Entertainment"],
        "date": ["2015-09-04"],
        "genre": ["rap"],
        "isrc": ["USSM11505661"],
        "title": ["Antidote"],
        "tracknumber": ["9\/16"]
    }
},
"lowlevel": {
    "average_loudness": 0.884967505932,
    "barkbands_crest": {
        "mean": 12.6180315018,
        "stdev": 4.36738491058
    },
    "barkbands_flatness_db": {
        "mean": 0.213444471359,
        "stdev": 0.0746008530259
    },
    "barkbands_kurtosis": {
        "mean": 18.4468288422,
        "stdev": 33.506313324
    },
    "barkbands_skewness": {
        "mean": 2.85953879356,
        "stdev": 2.50522065163
    },
    "barkbands_spread": {
        "mean": 15.3911428452,
        "stdev": 17.0226612091
    },
    "dissonance": {
        "mean": 0.448924273252,
        "stdev": 0.0397170670331
    },
    "dynamic_complexity": 3.98195934296,
    "erbbands_crest": {
        "mean": 10.1594047546,
        "stdev": 4.57260227203
    },
    "erbbands_flatness_db": {
        "mean": 0.179084986448,
        "stdev": 0.0873790085316
    },
    "erbbands_kurtosis": {
        "mean": 1.86222922802,
        "stdev": 3.92173290253
    },
    "erbbands_skewness": {
        "mean": 0.275089621544,
        "stdev": 1.00609707832
    },
    "erbbands_spread": {
        "mean": 35.106754303,
        "stdev": 25.0014724731
    },
    "hfc": {
        "mean": 36.5986175537,
        "stdev": 79.3750305176
    },
    "loudness_ebu128": {
        "integrated": -8.07580375671,
        "loudness_range": 9.06869602203,
        "momentary": {
            "mean": -10.4222126007,
            "stdev": 6.30283260345
        },
        "short_term": {
            "mean": -9.61144542694,
            "stdev": 4.64886665344
        }
    },
    "melbands_crest": {
        "mean": 23.2492733002,
        "stdev": 9.54683589935
    },
    "melbands_flatness_db": {
        "mean": 0.293188691139,
        "stdev": 0.0955064594746
    },
    "melbands_kurtosis": {
        "mean": 46.6072425842,
        "stdev": 89.9077911377
    },
    "melbands_skewness": {
        "mean": 4.34686040878,
        "stdev": 3.90419006348
    },
    "melbands_spread": {
        "mean": 15.6022787094,
        "stdev": 21.5192680359
    },
    "pitch_salience": {
        "mean": 0.415456473827,
        "stdev": 0.177484825253
    },
    "silence_rate_20dB": {
        "mean": 1,
        "stdev": 0
    },
    "silence_rate_30dB": {
        "mean": 0.49544852972,
        "stdev": 0.499966323376
    },
    "silence_rate_60dB": {
        "mean": 0.136986300349,
        "stdev": 0.343835473061
    },
    "spectral_centroid": {
        "mean": 1208.97875977,
        "stdev": 886.289428711
    },
    "spectral_complexity": {
        "mean": 14.8989839554,
        "stdev": 9.08116722107
    },
    "spectral_decrease": {
        "mean": -2.20746319002e-08,
        "stdev": 1.80480466128e-08
    },
    "spectral_energy": {
        "mean": 0.0866343826056,
        "stdev": 0.0693258196115
    },
    "spectral_energyband_high": {
        "mean": 0.0026269373484,
        "stdev": 0.00887367501855
    },
    "spectral_energyband_low": {
        "mean": 0.0651796981692,
        "stdev": 0.0624411813915
    },
    "spectral_energyband_middle_high": {
        "mean": 0.00563451973721,
        "stdev": 0.00800619740039
    },
    "spectral_energyband_middle_low": {
        "mean": 0.00932089146227,
        "stdev": 0.0109394807369
    },
    "spectral_entropy": {
        "mean": 7.39638566971,
        "stdev": 0.656921923161
    },
    "spectral_flux": {
        "mean": 0.114048607647,
        "stdev": 0.083293043077
    },
    "spectral_kurtosis": {
        "mean": 11.8667812347,
        "stdev": 23.976858139
    },
    "spectral_rms": {
        "mean": 0.00804440397769,
        "stdev": 0.00445074867457
    },
    "spectral_rolloff": {
        "mean": 1044.92138672,
        "stdev": 1824.80004883
    },
    "spectral_skewness": {
        "mean": 2.27792620659,
        "stdev": 1.55632066727
    },
    "spectral_spread": {
        "mean": 5550170,
        "stdev": 2787679
    },
    "spectral_strongpeak": {
        "mean": 0.722818911076,
        "stdev": 1.20749807358
    },
    "zerocrossingrate": {
        "mean": 0.049150954932,
        "stdev": 0.0477063208818
    },
    "barkbands": {
        "mean": [0.0274757500738, 0.0384673662484, 0.0032020509243, 0.00115391472355, 0.00205664522946, 0.00184376258403, 0.00145352445543, 0.00118756457232, 0.00144199328497, 0.000849400996231, 0.00081819249317, 0.000738834787626, 0.000712168519385, 0.000697449839208, 0.000703336147126, 0.000376453128411, 0.000312708667479, 0.00025218151859, 0.000171301988303, 0.000207955410588, 0.000327251269482, 0.000468776241178, 0.000358169141691, 0.000621124112513, 0.000549104530364, 0.00016667903401, 2.0598872652e-05],
        "stdev": [0.0298485737294, 0.0451411083341, 0.00638063484803, 0.00359993730672, 0.00420708255842, 0.00405425578356, 0.00379857118241, 0.00308079179376, 0.00256983749568, 0.00216733338311, 0.00273120193742, 0.00166724307928, 0.00165658642072, 0.00176090176683, 0.00218414608389, 0.00145171675831, 0.000855390506331, 0.000848693016451, 0.000667672196869, 0.000911873474251, 0.0012126226211, 0.00146584003232, 0.0013827647781, 0.00286676571704, 0.00247747055255, 0.000707005092409, 0.000108498410555]
    },
    "erbbands": {
        "mean": [2.19731640816, 4.60041713715, 4.91521120071, 3.68102002144, 3.84055733681, 7.88737297058, 12.9999160767, 16.1360244751, 16.4478549957, 25.756608963, 28.9075145721, 30.0737552643, 30.0215339661, 36.1514091492, 22.9528579712, 27.5690956116, 33.0235099792, 33.9380149841, 41.6216430664, 28.1363449097, 19.0198307037, 19.1589012146, 15.9667463303, 9.14628887177, 9.08053779602, 9.58311462402, 10.5930042267, 14.6795568466, 16.7506999969, 13.5256462097, 10.5929050446, 11.0678434372, 11.0668210983, 6.90434360504, 3.4882080555, 1.13898515701, 0.226872861385, 0.0334337241948, 0.00384837039746, 0.00028606041451],
        "stdev": [2.32992601395, 8.38374042511, 8.72649765015, 9.95336914062, 9.56266117096, 18.3707256317, 31.457868576, 38.5501556396, 47.0768814087, 63.0596847534, 66.7510910034, 54.7914581299, 62.8432540894, 105.632698059, 47.2758102417, 63.1364479065, 69.5099563599, 78.5750732422, 111.581268311, 78.9442138672, 55.8987960815, 48.2591972351, 52.8766403198, 36.8985481262, 34.2231788635, 42.6802787781, 43.7248458862, 51.6263122559, 52.0359153748, 47.530216217, 41.6761016846, 46.204120636, 54.7456245422, 33.9502830505, 14.9394483566, 4.83220624924, 0.956117630005, 0.163361027837, 0.0201871022582, 0.000968841719441]
    },
    "gfcc": {
        "mean": [-28.4587135315, 83.8884963989, -99.8376693726, -0.806389987469, -52.1901893616, 30.5827846527, -32.5450401306, 10.7187194824, -11.8579540253, 6.50169372559, -8.90294075012, 3.51711392403, -7.75500154495],
        "cov": [[17136.2382812, -3270.28710938, 2982.49145508, 4693.27783203, 1184.9708252, 1594.90063477, 260.625396729, 1391.85229492, -40.7392349243, 465.502471924, -357.223175049, 522.446289062, 110.315582275], [-3270.28710938, 3148.88134766, -209.5756073, -755.926757812, 553.240478516, -185.364807129, 396.811126709, -312.137451172, 254.367599487, -232.538742065, 253.801986694, -225.335098267, 12.3020429611], [2982.49145508, -209.5756073, 2024.74511719, 1295.86694336, 616.760559082, 783.981018066, 388.065216064, 423.991790771, 44.8340873718, 205.267608643, -57.4775009155, 143.5574646, 47.1070899963], [4693.27783203, -755.926757812, 1295.86694336, 2255.42749023, 658.62322998, 710.955444336, 444.000488281, 386.424621582, 129.551742554, 128.954086304, -58.7872200012, 138.522247314, 51.3493919373], [1184.9708252, 553.240478516, 616.760559082, 658.62322998, 953.475341797, 463.720306396, 368.80557251, 251.934432983, 226.581558228, 76.5431137085, 11.5870218277, 46.7524414062, 19.0418071747], [1594.90063477, -185.364807129, 783.981018066, 710.955444336, 463.720306396, 659.575805664, 340.928466797, 249.494094849, 109.044303894, 96.5183258057, -34.7510566711, 83.7975616455, 7.24040603638], [260.625396729, 396.811126709, 388.065216064, 444.000488281, 368.80557251, 340.928466797, 542.869262695, 113.008926392, 108.454063416, 21.5065822601, 37.0342292786, 8.79318332672, -7.72313547134], [1391.85229492, -312.137451172, 423.991790771, 386.424621582, 251.934432983, 249.494094849, 113.008926392, 352.696136475, 21.6556415558, 74.7326126099, -14.3566446304, 88.8788757324, 8.98147201538], [-40.7392349243, 254.367599487, 44.8340873718, 129.551742554, 226.581558228, 109.044303894, 108.454063416, 21.6556415558, 217.261291504, 39.9855613708, 8.80725383759, 6.49489355087, 8.91703891754], [465.502471924, -232.538742065, 205.267608643, 128.954086304, 76.5431137085, 96.5183258057, 21.5065822601, 74.7326126099, 39.9855613708, 178.115203857, -21.5462226868, 44.6868362427, 9.67969322205], [-357.223175049, 253.801986694, -57.4775009155, -58.7872200012, 11.5870218277, -34.7510566711, 37.0342292786, -14.3566446304, 8.80725383759, -21.5462226868, 142.694412231, 1.18675923347, -0.320780903101], [522.446289062, -225.335098267, 143.5574646, 138.522247314, 46.7524414062, 83.7975616455, 8.79318332672, 88.8788757324, 6.49489355087, 44.6868362427, 1.18675923347, 119.998008728, 26.494310379], [110.315582275, 12.3020429611, 47.1070899963, 51.3493919373, 19.0418071747, 7.24040603638, -7.72313547134, 8.98147201538, 8.91703891754, 9.67969322205, -0.320780903101, 26.494310379, 85.3899307251]],
        "icov": [[0.000227083335631, -6.17797340965e-05, 7.81829221523e-05, -0.000480054295622, 4.21286022174e-05, -0.000181895142305, 0.000387341366149, -0.000469027116196, 0.000309618946631, -0.000180920906132, 0.000272011646302, -0.000188398800674, 9.9129647424e-05], [-6.17797340965e-05, 0.00127098918892, -0.00058819737751, 0.000813451595604, -0.00109844747931, 0.000996709335595, -0.00102851795964, 0.00103521824349, -0.00100338167977, 0.00133210897911, -0.00136257545091, 0.00119404518045, -0.000731274776626], [7.81829221523e-05, -0.00058819737751, 0.0014883360127, -0.00078908825526, 0.000334328156896, -0.00141050259117, 0.000571095442865, -0.000834077887703, 0.00125154783018, -0.00129855016712, 0.000644109328277, -0.00047153790365, -1.31548185891e-05], [-0.000480054295622, 0.000813451595604, -0.00078908825526, 0.00220288778655, -0.000783215800766, 0.000669159577228, -0.00151245004963, 0.00131426518783, -0.00126426981296, 0.00123875169083, -0.0010508626001, 0.000788121600635, -0.000800398876891], [4.21286022174e-05, -0.00109844747931, 0.000334328156896, -0.000783215800766, 0.00323054054752, -0.0014014611952, 0.000389182911022, -0.00173091841862, -0.000865592504852, -0.000908441084903, 0.000913361029234, -0.000469229998998, 0.000348457106156], [-0.000181895142305, 0.000996709335595, -0.00141050259117, 0.000669159577228, -0.0014014611952, 0.00535900471732, -0.00239331065677, 0.000422307755798, -0.0015784468269, 0.0010783453472, -0.000176687521162, -9.98682007776e-05, 0.000137282011565], [0.000387341366149, -0.00102851795964, 0.000571095442865, -0.00151245004963, 0.000389182911022, -0.00239331065677, 0.00462833885103, -0.00132442894392, 0.000801720132586, -0.000912307470571, 0.000274890277069, -0.000329404108925, 0.00103922828566], [-0.000469027116196, 0.00103521824349, -0.000834077887703, 0.00131426518783, -0.00173091841862, 0.000422307755798, -0.00132442894392, 0.00664913281798, -0.000351213442627, 0.000680863799062, -0.00141943828203, -0.00119848875329, -1.63556851476e-05], [0.000309618946631, -0.00100338167977, 0.00125154783018, -0.00126426981296, -0.000865592504852, -0.0015784468269, 0.000801720132586, -0.000351213442627, 0.00816477555782, -0.00281283305958, 0.0010656202212, -0.00104399840347, 4.48693754151e-05], [-0.000180920906132, 0.00133210897911, -0.00129855016712, 0.00123875169083, -0.000908441084903, 0.0010783453472, -0.000912307470571, 0.000680863799062, -0.00281283305958, 0.00873233843595, -0.000699358759448, -0.0003819144913, -0.000609999580774], [0.000272011646302, -0.00136257545091, 0.000644109328277, -0.0010508626001, 0.000913361029234, -0.000176687521162, 0.000274890277069, -0.00141943828203, 0.0010656202212, -0.000699358759448, 0.00945990066975, -0.00259465840645, 0.000915552082006], [-0.000188398800674, 0.00119404518045, -0.00047153790365, 0.000788121600635, -0.000469229998998, -9.98682007776e-05, -0.000329404108925, -0.00119848875329, -0.00104399840347, -0.0003819144913, -0.00259465840645, 0.0133041795343, -0.00391844334081], [9.9129647424e-05, -0.000731274776626, -1.31548185891e-05, -0.000800398876891, 0.000348457106156, 0.000137282011565, 0.00103922828566, -1.63556851476e-05, 4.48693754151e-05, -0.000609999580774, 0.000915552082006, -0.00391844334081, 0.0134669123217]]
    },
    "melbands": {
        "mean": [0.0167219880968, 0.00351325282827, 0.000635486911051, 0.000401909870561, 0.000447103928309, 0.000352725095581, 0.000266936287517, 0.000285756657831, 0.000229471377679, 0.000197278466658, 0.000149778672494, 0.000146515420056, 8.46931288834e-05, 7.17777438695e-05, 7.26770449546e-05, 8.17793770693e-05, 5.93292897975e-05, 6.86060375301e-05, 5.13857048645e-05, 3.09221068164e-05, 1.84579294e-05, 2.11788792512e-05, 1.47728860611e-05, 1.18520765682e-05, 6.87980173097e-06, 6.46117132419e-06, 6.5775557232e-06, 6.41696351522e-06, 6.06075991527e-06, 7.2784268923e-06, 9.32608327275e-06, 8.82703534444e-06, 9.74751947069e-06, 6.6734187385e-06, 6.09220069236e-06, 5.72623503103e-06, 7.16924569133e-06, 7.81458038546e-06, 7.25986728867e-06, 5.33255433766e-06],
        "stdev": [0.0170132871717, 0.00611416622996, 0.00164195441175, 0.000864646804985, 0.000997645547614, 0.0007994264015, 0.000718436611351, 0.000665636151098, 0.0005345758982, 0.000361656537279, 0.00033226137748, 0.00040612090379, 0.000208931713132, 0.000175846478669, 0.00017995898088, 0.000205425181775, 0.000153580054757, 0.00019167199207, 0.000176931818714, 0.000132439177833, 5.24638526258e-05, 5.42937050341e-05, 4.53719840152e-05, 4.61326744698e-05, 2.88980554615e-05, 2.33096798183e-05, 2.56429284491e-05, 3.16865371133e-05, 2.55984050455e-05, 3.19517021126e-05, 3.17181074934e-05, 2.7488125852e-05, 3.2340609323e-05, 2.5827986974e-05, 2.50516823144e-05, 2.16092303162e-05, 3.19303944707e-05, 3.92876499973e-05, 3.88790867873e-05, 2.58948784904e-05]
    },
    "melbands128": {
        "mean": [0.0228365454823, 0.0235082600266, 0.0126975076273, 0.00650409376249, 0.00320380763151, 0.00131863343995, 0.000737304682843, 0.000521004665643, 0.000325676955981, 0.000378816388547, 0.000467336882139, 0.000444949342636, 0.000469540595077, 0.000399583514081, 0.000413700006902, 0.000287529692287, 0.000224252027692, 0.000249406322837, 0.000337417353876, 0.000289125193376, 0.000260132190306, 0.000294815574307, 0.000209356105188, 0.000210365979001, 0.000149483195855, 0.000245729956077, 0.000164474491612, 0.000112010617158, 0.000183572323294, 9.85318329185e-05, 0.000185896657058, 0.000143890763866, 4.95994281664e-05, 6.16712131887e-05, 8.60129803186e-05, 6.20614955551e-05, 6.23840242042e-05, 0.000112585548777, 3.65728010365e-05, 6.87050778652e-05, 0.000109293498099, 7.03000987414e-05, 5.14187704539e-05, 4.59876100649e-05, 8.94022377906e-05, 7.10969543434e-05, 4.83443618577e-05, 7.37738009775e-05, 3.98058873543e-05, 2.07140856219e-05, 3.96794675908e-05, 2.77622730209e-05, 2.23976312554e-05, 1.09905568024e-05, 1.56556598085e-05, 3.04734294332e-05, 1.64920056704e-05, 1.23178660942e-05, 1.51830754476e-05, 1.82274889085e-05, 1.24198486446e-05, 6.5494282353e-06, 6.44253896098e-06, 7.41743542676e-06, 6.72566966387e-06, 6.15047656538e-06, 6.79576169205e-06, 6.08098798693e-06, 7.84303301771e-06, 5.04824765812e-06, 6.09664721196e-06, 7.91017282609e-06, 5.02289776705e-06, 6.43211706119e-06, 5.6946469158e-06, 8.57525901665e-06, 6.54324094285e-06, 7.17303373676e-06, 1.09872553367e-05, 1.0847890735e-05, 5.89865021539e-06, 9.73973692453e-06, 1.15273551273e-05, 9.7250140243e-06, 8.55735925143e-06, 6.59031138639e-06, 6.28566613159e-06, 6.12627036389e-06, 6.02422142038e-06, 6.22553307039e-06, 5.51002494831e-06, 5.25444465893e-06, 6.63726359562e-06, 7.1988874879e-06, 7.72120893089e-06, 7.34794184609e-06, 8.09623634268e-06, 7.9235942394e-06, 7.6755632108e-06, 6.7818568823e-06, 5.94708717472e-06, 5.1479173635e-06, 4.45851583208e-06, 4.33589366367e-06, 4.23588107878e-06, 3.63001117876e-06, 2.97365568258e-06, 2.3570914891e-06, 1.83796817055e-06, 1.47385901528e-06, 1.0971722304e-06, 8.21445439669e-07, 5.79891548114e-07, 4.7834828365e-07, 3.93056780013e-07, 2.85572156145e-07, 1.92306359281e-07, 1.49143232875e-07, 1.42086548749e-07, 1.18164564356e-07, 1.0022472452e-07, 7.40616030726e-08, 5.73001912585e-08, 4.63510261284e-08, 2.58494310401e-08, 2.57462029474e-09, 2.38296396504e-11, 1.44336886193e-11],
        "stdev": [0.0243768543005, 0.0251053497195, 0.019220918417, 0.0129432799295, 0.00598602555692, 0.00286928215064, 0.00221159495413, 0.00166007364169, 0.000952894566581, 0.00100538262632, 0.00129353313241, 0.001313803019, 0.00134271336719, 0.00116786931176, 0.00123577204067, 0.000833461293951, 0.000848877767567, 0.000933015719056, 0.00100663816556, 0.00103426573332, 0.00077103782678, 0.0010348407086, 0.000620093604084, 0.000697321433108, 0.000393401132897, 0.000541181885637, 0.000452253065305, 0.000374799390556, 0.000655988114886, 0.000230198682402, 0.000803896517027, 0.000565383234061, 0.000146331789438, 0.000223582741455, 0.000254683138337, 0.000236232255702, 0.000181915835128, 0.000350749702193, 0.000111577421194, 0.000203316216357, 0.000325307191815, 0.000265734328423, 0.000199530826649, 0.000156427195179, 0.000327535235556, 0.00028816019767, 0.000206159384106, 0.000360508129233, 0.000156574096764, 8.13551232568e-05, 0.00025873517734, 0.0001297640556, 8.70726144058e-05, 4.14488131355e-05, 5.61915803701e-05, 8.41383007355e-05, 5.52574638277e-05, 5.86969290453e-05, 5.27016891283e-05, 6.75197370583e-05, 6.97153809597e-05, 2.79349314951e-05, 2.5348886993e-05, 3.91125468013e-05, 2.62462581304e-05, 2.14073770621e-05, 3.22250962199e-05, 2.18597961066e-05, 3.54479307134e-05, 2.01856219064e-05, 3.23983113049e-05, 4.83292205899e-05, 2.62803041551e-05, 2.85777641693e-05, 2.65207199845e-05, 3.64694715245e-05, 3.41161467077e-05, 3.29610411427e-05, 3.75938070647e-05, 3.55205520464e-05, 2.42509304371e-05, 3.1779280107e-05, 3.95823481085e-05, 3.58783763659e-05, 3.20959261444e-05, 2.53793696174e-05, 3.12691154249e-05, 2.55937120528e-05, 2.6691785024e-05, 2.7992120522e-05, 2.24989253184e-05, 1.94047679543e-05, 2.88062256004e-05, 3.36553348461e-05, 3.8650152419e-05, 4.02171972382e-05, 4.29812171205e-05, 4.18534073106e-05, 4.53183747595e-05, 4.03476005886e-05, 3.27759771608e-05, 2.52866084338e-05, 2.09987174458e-05, 1.92967490875e-05, 1.94282893062e-05, 1.66373210959e-05, 1.34736192194e-05, 1.0636497791e-05, 8.42426652525e-06, 6.79294771544e-06, 5.05216394231e-06, 3.68561495634e-06, 2.49276536124e-06, 2.17245178646e-06, 2.05298283618e-06, 1.46561978909e-06, 1.2077438214e-06, 8.76226806668e-07, 7.32366061129e-07, 7.55179485168e-07, 6.86698683694e-07, 4.61239011429e-07, 3.01065767871e-07, 3.02343806879e-07, 1.55005906777e-07, 1.47770284897e-08, 6.50502013366e-11, 2.23892033385e-11]
    },
    "mfcc": {
        "mean": [-682.099853516, 130.845779419, 9.95111656189, -12.6259822845, 6.11218500137, 11.8615140915, 0.28939563036, 8.16676044464, 0.927869081497, 7.39133358002, 6.59980344772, 1.46078038216, 1.13821995258],
        "cov": [[14610.1337891, -3528.84570312, 1980.0123291, 2721.98193359, 1833.85205078, 1067.77001953, 797.887817383, 980.431396484, 959.84753418, 200.963653564, 386.500915527, 244.037078857, 142.843139648], [-3528.84570312, 3206.80175781, -561.292297363, -564.579650879, -57.4664039612, -46.6930732727, 12.0295057297, -47.9683647156, -167.953399658, 104.135063171, -19.3458786011, -54.8271789551, 40.3549194336], [1980.0123291, -561.292297363, 1512.6427002, 681.322143555, 473.031158447, 485.298095703, 450.897155762, 301.351593018, 330.988830566, 99.4795684814, 134.808563232, 108.758140564, 121.767921448], [2721.98193359, -564.579650879, 681.322143555, 1232.25341797, 547.206848145, 530.026672363, 358.952941895, 385.714782715, 325.967834473, 142.613464355, 140.264038086, 125.188194275, 108.750938416], [1833.85205078, -57.4664039612, 473.031158447, 547.206848145, 826.578491211, 380.722686768, 282.853851318, 317.818939209, 307.946105957, 158.870040894, 152.211166382, 72.7030715942, 118.995986938], [1067.77001953, -46.6930732727, 485.298095703, 530.026672363, 380.722686768, 688.17364502, 300.977844238, 322.998840332, 298.462799072, 164.663360596, 177.063140869, 86.8911056519, 93.9976043701], [797.887817383, 12.0295057297, 450.897155762, 358.952941895, 282.853851318, 300.977844238, 478.181762695, 292.016693115, 215.503662109, 104.892448425, 141.015762329, 80.9623413086, 85.8081359863], [980.431396484, -47.9683647156, 301.351593018, 385.714782715, 317.818939209, 322.998840332, 292.016693115, 430.810546875, 207.343338013, 126.393669128, 124.852127075, 69.1697692871, 87.4610214233], [959.84753418, -167.953399658, 330.988830566, 325.967834473, 307.946105957, 298.462799072, 215.503662109, 207.343338013, 356.123779297, 94.9236373901, 138.417358398, 65.0522613525, 78.0802688599], [200.963653564, 104.135063171, 99.4795684814, 142.613464355, 158.870040894, 164.663360596, 104.892448425, 126.393669128, 94.9236373901, 160.032318115, 71.8172225952, 32.130645752, 46.8752059937], [386.500915527, -19.3458786011, 134.808563232, 140.264038086, 152.211166382, 177.063140869, 141.015762329, 124.852127075, 138.417358398, 71.8172225952, 175.682342529, 55.0441856384, 57.5821037292], [244.037078857, -54.8271789551, 108.758140564, 125.188194275, 72.7030715942, 86.8911056519, 80.9623413086, 69.1697692871, 65.0522613525, 32.130645752, 55.0441856384, 113.426132202, 51.7301025391], [142.843139648, 40.3549194336, 121.767921448, 108.750938416, 118.995986938, 93.9976043701, 85.8081359863, 87.4610214233, 78.0802688599, 46.8752059937, 57.5821037292, 51.7301025391, 129.577346802]],
        "icov": [[0.000182406700333, 0.000140318006743, -2.38299980992e-05, -0.000238923748839, -0.000259179068962, 7.92706341599e-05, 2.90554344247e-05, -0.000100380428194, -4.11612963944e-05, 0.000139323426993, -8.87121277628e-05, 4.1823968786e-05, 0.000204285621294], [0.000140318006743, 0.000521388254128, 0.000152149557834, 6.12213552813e-05, -0.000310719129629, -0.000120435775898, -0.000262918823864, 1.28424699142e-05, 0.000216321801418, -0.000235640269239, 9.10277085495e-05, 0.000162940661539, -0.000123877980513], [-2.38299980992e-05, 0.000152149557834, 0.00121075834613, -0.000130724889459, -0.000189610946109, -0.000427969964221, -0.000882562540937, 0.000369289948139, -0.000178789996426, 0.0002272829297, 0.000480222952319, -5.16599830007e-05, -0.000396684074076], [-0.000238923748839, 6.12213552813e-05, -0.000130724889459, 0.00206095725298, -0.000197979999939, -0.00078350486001, -0.000248478900176, -0.000293980294373, 9.5401182989e-06, -0.000226917967666, 0.000738612259738, -0.000724949873984, -0.000211860839045], [-0.000259179068962, -0.000310719129629, -0.000189610946109, -0.000197979999939, 0.00272942660376, -2.24101768254e-05, 0.000106809435238, -0.000379598670406, -0.000886941095814, -0.000898783735465, -0.00011206085037, 0.000431896798545, -0.000841006461997], [7.92706341599e-05, -0.000120435775898, -0.000427969964221, -0.00078350486001, -2.24101768254e-05, 0.00352232460864, 0.000144148245454, -0.000860613770783, -0.00104324449785, -0.00107656873297, -0.0011776490137, 3.67975480913e-05, 0.000487459270516], [2.90554344247e-05, -0.000262918823864, -0.000882562540937, -0.000248478900176, 0.000106809435238, 0.000144148245454, 0.00486364914104, -0.00204630801454, -0.000532761507202, 8.4053237515e-05, -0.00139498664066, -0.00060273060808, 0.000196682405658], [-0.000100380428194, 1.28424699142e-05, 0.000369289948139, -0.000293980294373, -0.000379598670406, -0.000860613770783, -0.00204630801454, 0.00548240263015, -0.000218570479774, -0.00123592535965, 5.20656540175e-05, 3.94840353692e-05, -0.000826203031465], [-4.11612963944e-05, 0.000216321801418, -0.000178789996426, 9.5401182989e-06, -0.000886941095814, -0.00104324449785, -0.000532761507202, -0.000218570479774, 0.00621373904869, -0.000120618351502, -0.00198897090741, -6.37608463876e-05, -0.000581652391702], [0.000139323426993, -0.000235640269239, 0.0002272829297, -0.000226917967666, -0.000898783735465, -0.00107656873297, 8.4053237515e-05, -0.00123592535965, -0.000120618351502, 0.0101409591734, -0.00146762910299, -9.28368608584e-05, -0.00062503980007], [-8.87121277628e-05, 9.10277085495e-05, 0.000480222952319, 0.000738612259738, -0.00011206085037, -0.0011776490137, -0.00139498664066, 5.20656540175e-05, -0.00198897090741, -0.00146762910299, 0.0105444099754, -0.00207857810892, -0.00128242315259], [4.1823968786e-05, 0.000162940661539, -5.16599830007e-05, -0.000724949873984, 0.000431896798545, 3.67975480913e-05, -0.00060273060808, 3.94840353692e-05, -6.37608463876e-05, -9.28368608584e-05, -0.00207857810892, 0.0123984888196, -0.00344476243481], [0.000204285621294, -0.000123877980513, -0.000396684074076, -0.000211860839045, -0.000841006461997, 0.000487459270516, 0.000196682405658, -0.000826203031465, -0.000581652391702, -0.00062503980007, -0.00128242315259, -0.00344476243481, 0.011449214071]]
    },
    "spectral_contrast_coeffs": {
        "mean": [-0.710550129414, -0.746527194977, -0.750750422478, -0.776818990707, -0.793752670288, -0.799347758293],
        "stdev": [0.112841814756, 0.0856968685985, 0.0663865283132, 0.0593167059124, 0.0529130771756, 0.0569939278066]
    },
    "spectral_contrast_valleys": {
        "mean": [-7.3123831749, -6.96922779083, -7.37651824951, -7.86384105682, -8.57206535339, -10.3823833466],
        "stdev": [2.0221581459, 0.833537936211, 0.801239609718, 1.04696667194, 1.48418343067, 1.86044359207]
    }
},
"rhythm": {
    "beats_count": 568,
    "beats_loudness": {
        "mean": 0.102703429759,
        "stdev": 0.0789967700839
    },
    "bpm": 130.428634644,
    "bpm_histogram_first_peak_bpm": 129,
    "bpm_histogram_first_peak_weight": 0.464583337307,
    "bpm_histogram_second_peak_bpm": 136,
    "bpm_histogram_second_peak_spread": 0.039999961853,
    "bpm_histogram_second_peak_weight": 0.0846560820937,
    "danceability": 1.02343165874,
    "onset_rate": 3.42201685905,
    "beats_loudness_band_ratio": {
        "mean": [0.53939640522, 0.0872797816992, 0.165708258748, 0.115366116166, 0.0499189272523, 0.0562366917729],
        "stdev": [0.382688432932, 0.136215269566, 0.215946301818, 0.152599439025, 0.0774461552501, 0.128228634596]
    },
    "beats_position": [0.476009070873, 0.96362811327, 1.43963718414, 1.90403628349, 2.36843538284, 2.83283448219, 3.28562355042, 3.73841261864, 4.17959165573, 4.6439909935, 5.10838985443, 5.56117916107, 6.01396799088, 6.46675729752, 6.93115615845, 7.39555549622, 7.85995435715, 8.32435321808, 8.77714252472, 9.24154186249, 9.70594120026, 10.1703395844, 10.6347389221, 11.0875282288, 11.5403175354, 11.9931058884, 12.445895195, 12.8986845016, 13.3514738083, 13.8042631149, 14.2454423904, 14.6982307434, 15.15102005, 15.6038093567, 16.0682086945, 16.5326080322, 16.9853973389, 17.4381847382, 17.8909740448, 18.3437633514, 18.8081626892, 19.2493419647, 19.7137413025, 20.1781406403, 20.642539978, 21.0837192535, 21.548116684, 22.0125160217, 22.4769153595, 22.918094635, 23.3824939728, 23.8468933105, 24.3112926483, 24.7524719238, 25.2168693542, 25.681268692, 26.1456680298, 26.5868473053, 27.0512466431, 27.5156459808, 27.9800453186, 28.4212245941, 28.8740139008, 29.3268013, 29.7912006378, 30.2439899445, 30.6967792511, 31.1611785889, 31.6255779266, 32.0899772644, 32.5543746948, 33.0187759399, 33.4831733704, 33.9475746155, 34.3655319214, 34.7951011658, 35.2246704102, 35.6426315308, 36.1070289612, 36.5714263916, 37.0242156982, 37.4770050049, 37.94140625, 38.4058036804, 38.8702049255, 39.334602356, 39.7989997864, 40.2634010315, 40.7277984619, 41.1689796448, 41.6333770752, 42.0977783203, 42.550567627, 43.0033569336, 43.4561424255, 43.9089317322, 44.3733329773, 44.8377304077, 45.2905197144, 45.743309021, 46.2077102661, 46.6488876343, 47.1132888794, 47.5776863098, 48.0304756165, 48.4832649231, 48.9476623535, 49.4120635986, 49.8648529053, 50.3176422119, 50.7704315186, 51.2232208252, 51.6760063171, 52.152015686, 52.6164169312, 53.0808143616, 53.5452156067, 53.9863929749, 54.4391822815, 54.9035835266, 55.367980957, 55.8207702637, 56.2851676941, 56.7495689392, 57.2139663696, 57.6551475525, 58.1079368591, 58.5607261658, 59.0251235962, 59.4895210266, 59.9539222717, 60.4067115784, 60.859500885, 61.3122901917, 61.7650794983, 62.2294769287, 62.6938781738, 63.1582756042, 63.6226730347, 64.0754623413, 64.5282516479, 64.9694290161, 65.4222183228, 65.8750076294, 66.3394088745, 66.8038101196, 67.2682037354, 67.7326049805, 68.1970062256, 68.6381835938, 69.0909729004, 69.543762207, 69.9965515137, 70.4725646973, 70.936958313, 71.4013595581, 71.8657608032, 72.3185501099, 72.7829437256, 73.2357330322, 73.6885223389, 74.1413116455, 74.6057128906, 75.0701141357, 75.5229034424, 75.975692749, 76.4284820557, 76.8812713623, 77.345664978, 77.8100662231, 78.2628555298, 78.7156448364, 79.1568222046, 79.5979995728, 80.0391845703, 80.491973877, 80.9563674927, 81.4207687378, 81.8851699829, 82.349571228, 82.8255767822, 83.2899780273, 83.7543716431, 84.2187728882, 84.6831741333, 85.1243515015, 85.5655288696, 86.0067138672, 86.4595031738, 86.9122848511, 87.3650741577, 87.8062591553, 88.2590484619, 88.7002258301, 89.1646270752, 89.6290206909, 90.0818099976, 90.5345993042, 90.9873886108, 91.4401779175, 91.8929672241, 92.3457565308, 92.8217697144, 93.2861633301, 93.7505645752, 94.2033538818, 94.6561431885, 95.1089324951, 95.5733337402, 96.0261230469, 96.4905166626, 96.9549179077, 97.4077072144, 97.8488845825, 98.3132858276, 98.7660751343, 99.2304763794, 99.683265686, 100.136054993, 100.600448608, 101.064849854, 101.529251099, 101.982040405, 102.434829712, 102.887619019, 103.340408325, 103.793197632, 104.257591248, 104.721992493, 105.186393738, 105.650794983, 106.10358429, 106.567977905, 107.020767212, 107.485168457, 107.937957764, 108.402359009, 108.866752625, 109.33115387, 109.795555115, 110.25995636, 110.724349976, 111.200363159, 111.687980652, 112.175598145, 112.663215637, 113.197273254, 113.74294281, 114.288612366, 114.764625549, 115.240631104, 115.705032349, 116.157821655, 116.598999023, 117.05178833, 117.516189575, 117.957366943, 118.421768188, 118.886169434, 119.350563049, 119.791740417, 120.244529724, 120.708930969, 121.173332214, 121.626121521, 122.090522766, 122.554916382, 123.007705688, 123.448883057, 123.901672363, 124.366073608, 124.830474854, 125.28326416, 125.736053467, 126.200454712, 126.653244019, 127.106025696, 127.570426941, 128.034820557, 128.499221802, 128.94039917, 129.404800415, 129.86920166, 130.333602905, 130.774780273, 131.239181519, 131.703582764, 132.15637207, 132.609161377, 133.073562622, 133.537963867, 133.990753174, 134.44354248, 134.896316528, 135.349105835, 135.801895142, 136.254684448, 136.719085693, 137.183486938, 137.636276245, 138.089065552, 138.541854858, 139.017868042, 139.482269287, 139.935058594, 140.3878479, 140.852249146, 141.305038452, 141.757827759, 142.210617065, 142.675003052, 143.139404297, 143.592193604, 144.056594849, 144.520996094, 144.9737854, 145.426574707, 145.867752075, 146.33215332, 146.784942627, 147.237731934, 147.69052124, 148.143310547, 148.596099854, 149.072113037, 149.548110962, 150.047348022, 150.546569824, 151.045806885, 151.545028687, 152.044265747, 152.53187561, 153.031112671, 153.518722534, 154.017959595, 154.517181396, 154.99319458, 155.469207764, 155.945205688, 156.397994995, 156.850784302, 157.315185547, 157.779586792, 158.243988037, 158.685165405, 159.126342773, 159.590744019, 160.055145264, 160.519546509, 160.995559692, 161.459945679, 161.912734985, 162.37713623, 162.841537476, 163.305938721, 163.758728027, 164.223129272, 164.675918579, 165.128707886, 165.581497192, 166.045898438, 166.510284424, 166.96307373, 167.415863037, 167.891876221, 168.356277466, 168.809066772, 169.250244141, 169.714645386, 170.179046631, 170.631835938, 171.084625244, 171.549026489, 172.013427734, 172.466217041, 172.919006348, 173.383392334, 173.847793579, 174.312194824, 174.753372192, 175.217773438, 175.682174683, 176.134963989, 176.587753296, 177.052154541, 177.516555786, 177.980941772, 178.445343018, 178.898132324, 179.362533569, 179.815322876, 180.279724121, 180.744125366, 181.196914673, 181.649703979, 182.114105225, 182.566894531, 183.019683838, 183.484085083, 183.948471069, 184.412872314, 184.865661621, 185.318450928, 185.771240234, 186.224029541, 186.688430786, 187.152832031, 187.605621338, 188.058410645, 188.511199951, 188.963989258, 189.405166626, 189.846343994, 190.310745239, 190.775146484, 191.251159668, 191.715545654, 192.168334961, 192.621124268, 193.085525513, 193.549926758, 194.014328003, 194.478729248, 195.024398804, 195.570068359, 196.115737915, 196.661407471, 197.207077026, 197.729522705, 198.251968384, 198.786026001, 199.30847168, 199.842529297, 200.376602173, 200.852600098, 201.328613281, 201.793014526, 202.245803833, 202.69859314, 203.151382446, 203.615783691, 204.080184937, 204.544570923, 204.985748291, 205.438537598, 205.879730225, 206.332519531, 206.796905518, 207.261306763, 207.702484131, 208.166885376, 208.631286621, 209.095687866, 209.536865234, 210.001266479, 210.465667725, 210.93006897, 211.371246338, 211.835647583, 212.300048828, 212.764434814, 213.205612183, 213.670013428, 214.134414673, 214.587203979, 215.039993286, 215.504394531, 215.957183838, 216.421585083, 216.87437439, 217.338775635, 217.80317688, 218.255966187, 218.708755493, 219.173141479, 219.637542725, 220.090332031, 220.543121338, 221.007522583, 221.471923828, 221.924713135, 222.377502441, 222.841903687, 223.294692993, 223.7474823, 224.200271606, 224.664672852, 225.129058838, 225.593460083, 226.04624939, 226.499038696, 226.951828003, 227.416229248, 227.857406616, 228.321807861, 228.786209106, 229.238998413, 229.69178772, 230.156188965, 230.62059021, 231.084991455, 231.526168823, 231.990570068, 232.454956055, 232.9193573, 233.372146606, 233.836547852, 234.289337158, 234.753738403, 235.20652771, 235.670928955, 236.1353302, 236.588119507, 237.029296875, 237.49369812, 237.958084106, 238.422485352, 238.86366272, 239.328063965, 239.79246521, 240.256866455, 240.698043823, 241.162445068, 241.615234375, 242.07963562, 242.532424927, 242.996826172, 243.461227417, 243.914016724, 244.366790771, 244.831192017, 245.283981323, 245.748382568, 246.201171875, 246.66557312, 247.129974365, 247.582763672, 248.035552979, 248.488342285, 248.929519653, 249.38230896, 249.846710205, 250.31111145, 250.763900757, 251.239898682, 251.704299927, 252.18031311, 252.633102417, 253.097503662, 253.561904907, 254.014694214, 254.467483521, 254.920272827, 255.384674072, 255.83744812, 256.301849365, 256.766265869, 257.230651855, 257.695037842, 258.171051025, 258.658691406, 259.14630127, 259.622314453, 260.109924316, 260.59753418, 261.085174561, 261.584381104, 262.072021484],
    "bpm_histogram": [0, 0, 0, 0, 0, 0, 0, 0, 0, 0, 0, 0, 0, 0, 0, 0, 0, 0, 0, 0, 0, 0, 0, 0, 0, 0, 0, 0, 0, 0, 0, 0, 0, 0, 0, 0, 0, 0, 0, 0, 0, 0, 0, 0, 0, 0, 0, 0, 0, 0, 0, 0, 0, 0, 0, 0, 0, 0, 0, 0, 0, 0, 0, 0, 0, 0, 0, 0, 0, 0, 0, 0, 0, 0, 0, 0, 0, 0, 0, 0, 0, 0, 0, 0, 0, 0, 0, 0, 0, 0, 0, 0, 0, 0, 0, 0, 0, 0, 0, 0, 0, 0, 0, 0, 0, 0, 0, 0, 0, 0, 0.0123456791043, 0, 0.00705467350781, 0, 0, 0.00529100513086, 0, 0, 0, 0, 0.0158730167896, 0, 0, 0.0211640205234, 0, 0, 0.0405643731356, 0, 0, 0.453262776136, 0, 0, 0, 0.352733671665, 0, 0, 0.0846560820937, 0, 0, 0, 0.0035273367539, 0, 0, 0, 0.0035273367539, 0, 0, 0, 0, 0, 0, 0, 0, 0, 0, 0, 0, 0, 0, 0, 0, 0, 0, 0, 0, 0, 0, 0, 0, 0, 0, 0, 0, 0, 0, 0, 0, 0, 0, 0, 0, 0, 0, 0, 0, 0, 0, 0, 0, 0, 0, 0, 0, 0, 0, 0, 0, 0, 0, 0, 0, 0, 0, 0, 0, 0, 0, 0, 0, 0, 0, 0, 0, 0, 0, 0, 0, 0, 0, 0, 0, 0, 0, 0, 0, 0, 0, 0, 0, 0, 0, 0, 0, 0, 0, 0, 0, 0, 0, 0, 0, 0, 0, 0, 0, 0, 0, 0, 0, 0]
},
"tonal": {
    "chords_changes_rate": 0.0811240747571,
    "chords_number_rate": 0.00229763169773,
    "chords_strength": {
        "mean": 0.482760518789,
        "stdev": 0.0959084555507
    },
    "hpcp_crest": {
        "mean": 13.29945755,
        "stdev": 6.13792085648
    },
    "hpcp_entropy": {
        "mean": 1.99463438988,
        "stdev": 0.728961884975
    },
    "key_edma": {
        "strength": 0.612905800343,
        "key": "B",
        "scale": "major"
    },
    "key_krumhansl": {
        "strength": 0.617486894131,
        "key": "B",
        "scale": "major"
    },
    "key_temperley": {
        "strength": 0.619083821774,
        "key": "B",
        "scale": "major"
    },
    "tuning_diatonic_strength": 0.514949977398,
    "tuning_equal_tempered_deviation": 0.27264726162,
    "tuning_frequency": 434.193115234,
    "tuning_nontempered_energy_ratio": 0.946449816227,
    "hpcp": {
        "mean": [0.0669025853276, 0.0612278319895, 0.0466992855072, 0.102656245232, 0.157826542854, 0.20988085866, 0.2555988729, 0.309425413609, 0.272680670023, 0.144893497229, 0.0910798609257, 0.0680010095239, 0.105606593192, 0.12759077549, 0.0724858641624, 0.0368801765144, 0.0359745509923, 0.0554042160511, 0.116646572948, 0.127533212304, 0.0623173192143, 0.0307421535254, 0.0263029728085, 0.0410674773157, 0.109978914261, 0.132587045431, 0.0771280676126, 0.0857347771525, 0.111808918417, 0.0724827945232, 0.0456538163126, 0.0436393171549, 0.0362338908017, 0.0598311796784, 0.0779818594456, 0.0593293644488],
        "stdev": [0.176269367337, 0.169656202197, 0.143642693758, 0.231460481882, 0.275819957256, 0.336615055799, 0.347351700068, 0.386977642775, 0.386153459549, 0.27287504077, 0.221121713519, 0.185640111566, 0.217493996024, 0.248058706522, 0.172398254275, 0.13208155334, 0.125487118959, 0.158093810081, 0.227166116238, 0.250604867935, 0.155302122235, 0.118432320654, 0.0958508327603, 0.117171816528, 0.211887538433, 0.238740161061, 0.151847288013, 0.185254976153, 0.22667093575, 0.154653578997, 0.118386410177, 0.133228108287, 0.114148832858, 0.154856547713, 0.184705257416, 0.143038332462]
    },
    "chords_histogram": [32.0784721375, 5.81477546692, 4.47154474258, 21.0675144196, 6.96359157562, 1.50229763985, 0.724637687206, 0.565570890903, 1.04277133942, 0, 3.09296560287, 0, 2.59809112549, 0, 0, 0.265111356974, 0.335807710886, 4.11806297302, 0, 1.60834217072, 0.512548625469, 0.406504064798, 3.09296560287, 9.73842334747],
    "thpcp": [1, 0.881248474121, 0.468266308308, 0.294351577759, 0.219765424728, 0.341299027205, 0.412347435951, 0.234259575605, 0.119189232588, 0.116262428463, 0.179055154324, 0.376978009939, 0.412161409855, 0.201396897435, 0.0993523895741, 0.0850058570504, 0.132721737027, 0.355429470539, 0.428494364023, 0.249262228608, 0.27707734704, 0.361343681812, 0.234249651432, 0.147543847561, 0.141033396125, 0.117100566626, 0.193362206221, 0.25202152133, 0.191740438342, 0.2162155509, 0.197875902057, 0.150922596455, 0.331764101982, 0.510063290596, 0.678292274475, 0.8260435462],
    "chords_key": "B",
