{
"metadata": {
    "version": {
        "essentia": "2.1-beta6-dev",
        "essentia_git_sha": "v2.1_beta5-1177-g1d1cc983",
        "extractor": "music 2.0"
    },
    "audio_properties": {
        "analysis": {
            "equal_loudness": 0,
            "length": 207.333312988,
            "sample_rate": 44100,
            "start_time": 0,
            "downmix": "mix"
        },
        "bit_rate": 1536000,
        "length": 207.333328247,
        "lossless": 1,
        "number_channels": 2,
        "replay_gain": -13.3166847229,
        "sample_rate": 48000,
        "codec": "pcm_s16le",
        "md5_encoded": "5ef2b6d7dc1eb33e4ea48986d5628a3b"
    },
    "tags": {
        "file_name": "Wiz Khalifa - Young, Wild & Free (feat. Bruno Mars).wav",
        "album": ["Young, Wild & Free (feat. Bruno Mars)"],
        "artist": ["Snoop Dogg", "Wiz Khalifa", "Bruno Mars"],
        "audiosourcewebpage": [""],
        "composer": ["Rostrum\/Atlantic"],
        "copyright": ["© 2011 Atlantic Recording Corporation for the United States and WEA International Inc. for the world outside of the United States"],
        "date": ["2011-10-11"],
        "genre": ["g-funk", "west coast hip hop", "gangster rap", "hip hop", "rap"],
        "isrc": ["USAT21102232"],
        "title": ["Young, Wild & Free (feat. Bruno Mars)"],
        "tracknumber": ["1\/1"]
    }
},
"lowlevel": {
    "average_loudness": 0.961435616016,
    "barkbands_crest": {
        "mean": 11.8621263504,
        "stdev": 4.31360197067
    },
    "barkbands_flatness_db": {
        "mean": 0.15876698494,
        "stdev": 0.063959851861
    },
    "barkbands_kurtosis": {
        "mean": 12.9697027206,
        "stdev": 33.6170501709
    },
    "barkbands_skewness": {
        "mean": 2.27153778076,
        "stdev": 2.07961773872
    },
    "barkbands_spread": {
        "mean": 24.822019577,
        "stdev": 23.283121109
    },
    "dissonance": {
        "mean": 0.43587192893,
        "stdev": 0.0460692495108
    },
    "dynamic_complexity": 3.59791302681,
    "erbbands_crest": {
        "mean": 11.3172702789,
        "stdev": 5.06339979172
    },
    "erbbands_flatness_db": {
        "mean": 0.141190171242,
        "stdev": 0.0444932244718
    },
    "erbbands_kurtosis": {
        "mean": 2.28820776939,
        "stdev": 4.52273750305
    },
    "erbbands_skewness": {
        "mean": 0.710454821587,
        "stdev": 1.21647262573
    },
    "erbbands_spread": {
        "mean": 44.1113433838,
        "stdev": 27.3623466492
    },
    "hfc": {
        "mean": 35.9402542114,
        "stdev": 46.3145866394
    },
    "loudness_ebu128": {
        "integrated": -7.61039543152,
        "loudness_range": 2.08550739288,
        "momentary": {
            "mean": -9.1878452301,
            "stdev": 7.08553743362
        },
        "short_term": {
            "mean": -8.56966304779,
            "stdev": 4.45059108734
        }
    },
    "melbands_crest": {
        "mean": 16.2130813599,
        "stdev": 5.34724998474
    },
    "melbands_flatness_db": {
        "mean": 0.244428500533,
        "stdev": 0.0880135968328
    },
    "melbands_kurtosis": {
        "mean": 30.1031341553,
        "stdev": 58.1263198853
    },
    "melbands_skewness": {
        "mean": 3.4218211174,
        "stdev": 2.58850979805
    },
    "melbands_spread": {
        "mean": 21.853471756,
        "stdev": 29.230922699
    },
    "pitch_salience": {
        "mean": 0.500722885132,
        "stdev": 0.133294075727
    },
    "silence_rate_20dB": {
        "mean": 1,
        "stdev": 0
    },
    "silence_rate_30dB": {
        "mean": 0.917366504669,
        "stdev": 0.275333493948
    },
    "silence_rate_60dB": {
        "mean": 0.0611353702843,
        "stdev": 0.239580437541
    },
    "spectral_centroid": {
        "mean": 1193.80725098,
        "stdev": 898.869018555
    },
    "spectral_complexity": {
        "mean": 14.5987014771,
        "stdev": 9.71103572845
    },
    "spectral_decrease": {
        "mean": -1.18439658081e-08,
        "stdev": 1.13037676996e-08
    },
    "spectral_energy": {
        "mean": 0.0479617193341,
        "stdev": 0.0434030629694
    },
    "spectral_energyband_high": {
        "mean": 0.00255389278755,
        "stdev": 0.00536159379408
    },
    "spectral_energyband_low": {
        "mean": 0.0269178077579,
        "stdev": 0.0405383147299
    },
    "spectral_energyband_middle_high": {
        "mean": 0.00457512168214,
        "stdev": 0.00617901654914
    },
    "spectral_energyband_middle_low": {
        "mean": 0.0139117203653,
        "stdev": 0.0128787280992
    },
    "spectral_entropy": {
        "mean": 7.52569007874,
        "stdev": 0.587320208549
    },
    "spectral_flux": {
        "mean": 0.120027758181,
        "stdev": 0.0750647783279
    },
    "spectral_kurtosis": {
        "mean": 4.11330509186,
        "stdev": 3.77162837982
    },
    "spectral_rms": {
        "mean": 0.00619800016284,
        "stdev": 0.0028942336794
    },
    "spectral_rolloff": {
        "mean": 1609.61096191,
        "stdev": 2564.48706055
    },
    "spectral_skewness": {
        "mean": 1.67442548275,
        "stdev": 0.706503272057
    },
    "spectral_spread": {
        "mean": 6637656.5,
        "stdev": 2321964.5
    },
    "spectral_strongpeak": {
        "mean": 0.888534903526,
        "stdev": 1.315325737
    },
    "zerocrossingrate": {
        "mean": 0.0691381320357,
        "stdev": 0.0603482425213
    },
    "barkbands": {
        "mean": [0.00374597543851, 0.0187656637281, 0.00450492277741, 0.00172677158844, 0.00285176141188, 0.0022371483501, 0.00271355523728, 0.0023268579971, 0.00184356316458, 0.000779441441409, 0.000570950622205, 0.000578779669013, 0.000616966804955, 0.000463976233732, 0.000420167896664, 0.00036278180778, 0.000406825216487, 0.000214194704313, 0.000172414511326, 0.00022022901976, 0.000243454152951, 0.000454927037936, 0.000571292766836, 0.000446269841632, 0.000332761526806, 0.000363468250725, 2.66109982476e-05],
        "stdev": [0.00748957740143, 0.0307316649705, 0.00921602547169, 0.00345248961821, 0.00565869593993, 0.00462332926691, 0.0055966549553, 0.00431933626533, 0.00451354309916, 0.00231237127446, 0.0024523914326, 0.00150571926497, 0.00161087256856, 0.00112564093433, 0.00115891278256, 0.00109690683894, 0.000938342942391, 0.000438768591266, 0.00049572851276, 0.00058313208865, 0.000663551269099, 0.00120512908325, 0.00176733813714, 0.001113601611, 0.000918134697713, 0.00122567289509, 7.94828010839e-05]
    },
    "erbbands": {
        "mean": [0.507479608059, 4.1901102066, 6.88667488098, 5.31556797028, 7.26270341873, 9.79097366333, 13.1878976822, 20.1903018951, 36.7004356384, 36.8021812439, 59.8117713928, 45.1169242859, 26.7295684814, 26.2469024658, 25.3674964905, 24.3754081726, 26.2578010559, 27.7888889313, 23.6888580322, 19.2137966156, 20.309299469, 22.9302387238, 13.6119174957, 8.57469272614, 9.75246620178, 10.5852403641, 9.36891174316, 10.6525211334, 15.3030929565, 18.3113536835, 15.9562196732, 11.2042093277, 6.31228971481, 3.99651241302, 2.19915652275, 1.82038390636, 0.586485266685, 0.0587160997093, 0.00532497977838, 0.000322076695738],
        "stdev": [0.652124464512, 7.95854091644, 13.7753601074, 9.86780548096, 14.4085292816, 21.643075943, 27.2827033997, 48.5446929932, 77.6051177979, 74.5162734985, 106.771743774, 110.685272217, 75.7147521973, 72.4370193481, 88.1473388672, 54.6580200195, 68.8919219971, 65.9543228149, 59.8080406189, 54.3027420044, 54.6821670532, 52.0157966614, 25.3671894073, 21.6848182678, 27.1752605438, 27.9469661713, 24.2397670746, 31.0271282196, 38.9907226562, 53.703037262, 50.4482269287, 30.4298801422, 16.8865318298, 12.1969518661, 6.08623409271, 6.17002630234, 1.90305626392, 0.155273765326, 0.0157687328756, 0.000878251739778]
    },
    "gfcc": {
        "mean": [1.10182487965, 68.9767990112, -71.0070953369, 24.9303798676, -57.3289871216, 20.4692764282, -34.6806259155, 17.9248733521, -10.8466701508, 9.35515785217, -14.6215705872, 5.22003126144, -17.6321601868],
        "cov": [[14471.3496094, -1215.60437012, -964.758666992, 384.318359375, -599.115539551, 332.545257568, -125.014419556, 27.576675415, -281.663848877, 92.5821685791, -155.709259033, 22.4107265472, 52.6497688293], [-1215.60437012, 1688.43786621, -28.2007637024, -284.708496094, 303.215820312, -53.4032478333, 41.3917236328, -7.21218156815, 90.072479248, -111.831832886, 77.1308746338, -62.2578887939, -40.790058136], [-964.758666992, -28.2007637024, 1148.38818359, 263.476043701, 149.164154053, 89.5899658203, 93.1503677368, 0.638100862503, -47.296710968, -30.9468288422, -12.0129032135, 41.3970603943, -36.7356643677], [384.318359375, -284.708496094, 263.476043701, 703.366699219, 67.529914856, 8.52090167999, -29.46966362, -0.803699731827, 60.8063392639, -37.6800384521, -36.0723190308, -22.164642334, 44.2500114441], [-599.115539551, 303.215820312, 149.164154053, 67.529914856, 496.369720459, 61.0319976807, 59.3073120117, 54.440612793, 65.3698501587, -14.857626915, -16.3851413727, -53.1931228638, -0.6023671031], [332.545257568, -53.4032478333, 89.5899658203, 8.52090167999, 61.0319976807, 333.936523438, 217.499343872, 17.5364971161, -31.995677948, 38.0459365845, 5.4181728363, -93.592086792, -43.967628479], [-125.014419556, 41.3917236328, 93.1503677368, -29.46966362, 59.3073120117, 217.499343872, 377.004638672, 56.0423965454, -77.0640029907, 13.9089593887, 17.9959888458, -70.399772644, -37.3899307251], [27.576675415, -7.21218156815, 0.638100862503, -0.803699731827, 54.440612793, 17.5364971161, 56.0423965454, 138.404205322, 38.5204200745, 6.09808254242, 0.9223523736, -8.27325248718, -10.6355438232], [-281.663848877, 90.072479248, -47.296710968, 60.8063392639, 65.3698501587, -31.995677948, -77.0640029907, 38.5204200745, 189.950119019, 19.9331245422, -1.73403811455, -21.6701278687, -4.33528327942], [92.5821685791, -111.831832886, -30.9468288422, -37.6800384521, -14.857626915, 38.0459365845, 13.9089593887, 6.09808254242, 19.9331245422, 127.574638367, 20.7468833923, -34.3002624512, -23.6132850647], [-155.709259033, 77.1308746338, -12.0129032135, -36.0723190308, -16.3851413727, 5.4181728363, 17.9959888458, 0.9223523736, -1.73403811455, 20.7468833923, 99.6311950684, 12.2278089523, -20.8707122803], [22.4107265472, -62.2578887939, 41.3970603943, -22.164642334, -53.1931228638, -93.592086792, -70.399772644, -8.27325248718, -21.6701278687, -34.3002624512, 12.2278089523, 145.692718506, 35.0284156799], [52.6497688293, -40.790058136, -36.7356643677, 44.2500114441, -0.6023671031, -43.967628479, -37.3899307251, -10.6355438232, -4.33528327942, -23.6132850647, -20.8707122803, 35.0284156799, 101.199653625]],
        "icov": [[9.87263047136e-05, -1.13149608296e-05, 0.000122863028082, -0.000129718289827, 8.85755653144e-05, -0.000249587552389, 0.000173691747477, -0.000166316516697, 0.000253896490904, -0.00011541920685, 0.000187851706869, -0.000147256010678, 5.78372018936e-05], [-1.13149608296e-05, 0.00102567207068, -9.10651651793e-05, 0.000597641512286, -0.000588201044593, 0.000498556706589, -0.00031196261989, 0.00055785861332, -0.000727951177396, 0.0013747678604, -0.00106709159445, 0.00083319330588, 6.25238026259e-05], [0.000122863028082, -9.10651651793e-05, 0.00130599236581, -0.000706294609699, -0.000229203229537, -0.000582534179557, 5.64304245927e-05, -8.90911906026e-05, 0.000715976289939, -0.000268045638222, 0.00056135142222, -0.00120155105833, 0.00093910616124], [-0.000129718289827, 0.000597641512286, -0.000706294609699, 0.00229591829702, -0.000366037391359, 0.000496199703775, -0.000229045035667, 0.000579166400712, -0.00141132739373, 0.0014319740003, -0.000696177477948, 0.00138557213359, -0.00111176411156], [8.85755653144e-05, -0.000588201044593, -0.000229203229537, -0.000366037391359, 0.0028766063042, -0.000651628768537, 0.000121480392409, -0.00108095118776, -0.000299346371321, -0.000278803519905, 0.000824738061056, 0.000329375587171, -0.000562818371691], [-0.000249587552389, 0.000498556706589, -0.000582534179557, 0.000496199703775, -0.000651628768537, 0.0064474856481, -0.00338859297335, 0.00135533884168, -0.00094415678177, 9.81567950475e-07, -0.00076647894457, 0.00264557707123, 0.000476153421914], [0.000173691747477, -0.00031196261989, 5.64304245927e-05, -0.000229045035667, 0.000121480392409, -0.00338859297335, 0.00581887084991, -0.00277788657695, 0.00289764651097, -0.000112229980004, -0.000389225460822, 0.000734792265575, 5.43089845451e-05], [-0.000166316516697, 0.00055785861332, -8.90911906026e-05, 0.000579166400712, -0.00108095118776, 0.00135533884168, -0.00277788657695, 0.00958654284477, -0.0032932672184, 0.000656083226204, -0.000332719646394, -0.000414561043726, 0.000676247756928], [0.000253896490904, -0.000727951177396, 0.000715976289939, -0.00141132739373, -0.000299346371321, -0.00094415678177, 0.00289764651097, -0.0032932672184, 0.00869384407997, -0.00226686242968, 0.000778364308644, 0.000260163185885, 0.000677976058796], [-0.00011541920685, 0.0013747678604, -0.000268045638222, 0.0014319740003, -0.000278803519905, 9.81567950475e-07, -0.000112229980004, 0.000656083226204, -0.00226686242968, 0.011340986006, -0.00345940119587, 0.00325364805758, 0.000626472989097], [0.000187851706869, -0.00106709159445, 0.00056135142222, -0.000696177477948, 0.000824738061056, -0.00076647894457, -0.000389225460822, -0.000332719646394, 0.000778364308644, -0.00345940119587, 0.0129381762818, -0.00355807202868, 0.00259945890866], [-0.000147256010678, 0.00083319330588, -0.00120155105833, 0.00138557213359, 0.000329375587171, 0.00264557707123, 0.000734792265575, -0.000414561043726, 0.000260163185885, 0.00325364805758, -0.00355807202868, 0.0118460357189, -0.00331403920427], [5.78372018936e-05, 6.25238026259e-05, 0.00093910616124, -0.00111176411156, -0.000562818371691, 0.000476153421914, 5.43089845451e-05, 0.000676247756928, 0.000677976058796, 0.000626472989097, 0.00259945890866, -0.00331403920427, 0.0128566557541]]
    },
    "melbands": {
        "mean": [0.00515538919717, 0.0043160286732, 0.000973696471192, 0.000621065497398, 0.000446199032012, 0.000446226506028, 0.000572223274503, 0.000399859447498, 0.000476208311738, 0.000262716552243, 0.000128122075694, 0.000106199266156, 8.59739957377e-05, 7.1462476626e-05, 5.56826053071e-05, 5.92684737057e-05, 4.89832491439e-05, 3.70806119463e-05, 2.89125309791e-05, 2.47331026912e-05, 2.31353224081e-05, 2.41823399847e-05, 1.75863242475e-05, 9.50852427195e-06, 6.40632651994e-06, 6.87612237016e-06, 7.30181182007e-06, 6.92347430231e-06, 5.69981602894e-06, 5.66082462683e-06, 6.31597367828e-06, 8.08062122815e-06, 9.95451409835e-06, 1.03559959825e-05, 9.52871050686e-06, 7.87639237387e-06, 6.38348501525e-06, 4.4210401029e-06, 3.95787856178e-06, 3.13109012495e-06],
        "stdev": [0.00728321960196, 0.00831871293485, 0.00171097612474, 0.00135254405905, 0.000854179204907, 0.00100925890729, 0.00116946955677, 0.000763516640291, 0.000844617723487, 0.000676790019497, 0.000376505922759, 0.000308905495331, 0.000358382589184, 0.000196104621864, 0.000149464278365, 0.000149435480125, 0.00012165345106, 9.96141243377e-05, 8.2676182501e-05, 8.13618462416e-05, 6.58672652207e-05, 5.78787694394e-05, 3.62938335456e-05, 1.94291387743e-05, 1.83648699021e-05, 2.16170446947e-05, 2.12749837374e-05, 1.86058168765e-05, 1.52264847202e-05, 1.60479812621e-05, 1.98998459382e-05, 2.11040533031e-05, 2.84510242636e-05, 3.18605707434e-05, 3.16881851177e-05, 2.34666167671e-05, 1.74464803422e-05, 1.15295042633e-05, 1.33826906676e-05, 9.38171979215e-06]
    },
    "melbands128": {
        "mean": [0.00268193567172, 0.00396790355444, 0.00611558556557, 0.00757069000974, 0.0046449736692, 0.00184585514944, 0.00104415672831, 0.00080449093366, 0.000709016050678, 0.000673200120218, 0.000527489581145, 0.000435636582552, 0.000504577648826, 0.000338892336003, 0.000419264484663, 0.000538728374522, 0.000485512427986, 0.000696159608196, 0.000502188573591, 0.000401611585403, 0.00027707676054, 0.000557546271011, 0.000558001163881, 0.000320887047565, 0.000328152556904, 0.000203037328902, 0.000196831635549, 0.000100887278677, 8.28427655506e-05, 0.000144038000144, 8.78549399204e-05, 8.57110135257e-05, 0.000104974897113, 6.55819312669e-05, 7.56445442676e-05, 7.96234671725e-05, 5.95373530814e-05, 3.8838810724e-05, 7.0860303822e-05, 5.53754725843e-05, 4.47267120762e-05, 8.86987472768e-05, 4.6850702347e-05, 3.34785872838e-05, 3.17539452226e-05, 4.00848221034e-05, 4.21531258326e-05, 2.81934844679e-05, 2.34003364312e-05, 2.50689881796e-05, 2.54297574429e-05, 2.32921247516e-05, 2.45491537498e-05, 2.27561231441e-05, 2.13752809941e-05, 2.43950162258e-05, 2.7146179491e-05, 2.15484924411e-05, 1.4066872609e-05, 9.5363584478e-06, 1.07683426904e-05, 7.82421011536e-06, 6.42005898044e-06, 6.01047850068e-06, 6.24483345746e-06, 7.03735395291e-06, 7.18914452591e-06, 7.05201091478e-06, 7.38964718039e-06, 7.52738651499e-06, 7.32967509975e-06, 6.55483881928e-06, 5.47445233678e-06, 5.70058091398e-06, 5.70114980292e-06, 5.60211628908e-06, 5.54322787139e-06, 5.94797484155e-06, 6.25288976153e-06, 6.89231728757e-06, 7.45371880839e-06, 8.30699082144e-06, 1.02155945569e-05, 9.81646826403e-06, 1.01261866803e-05, 1.06236147985e-05, 1.02332533061e-05, 1.02953763417e-05, 9.57607335295e-06, 9.00593204278e-06, 8.3200256995e-06, 7.16733165973e-06, 7.93648177932e-06, 6.57764940115e-06, 5.45376178707e-06, 4.73809222967e-06, 4.22301945946e-06, 3.882996225e-06, 4.10622897107e-06, 3.92969604945e-06, 3.54440044248e-06, 2.93311654787e-06, 2.72151987701e-06, 2.62485787061e-06, 2.43104091169e-06, 2.35393918047e-06, 2.18590730583e-06, 1.96849964595e-06, 1.79574442427e-06, 5.54517782803e-06, 6.28569387118e-06, 1.45941680785e-06, 1.17017941648e-06, 1.01071577774e-06, 7.69640621456e-07, 5.26219253061e-07, 2.61022961467e-07, 1.85323685287e-07, 1.42434927852e-07, 1.35679343316e-07, 1.79560871061e-07, 9.12608157932e-08, 7.71848434056e-08, 6.7182412522e-08, 3.63103929146e-08, 3.59530893945e-09, 1.29012226249e-11, 6.69187405142e-12],
        "stdev": [0.00522349588573, 0.00549574941397, 0.00968683231622, 0.0155240995809, 0.00959401018918, 0.00372240040451, 0.00206874986179, 0.00165690283757, 0.00149524980225, 0.00189380778465, 0.00128411233891, 0.000976145558525, 0.00126452476252, 0.000854199111927, 0.00123773049563, 0.00167054799385, 0.0012879857095, 0.00185024167877, 0.00132319424301, 0.00115353718866, 0.000844212423544, 0.00119383388665, 0.00121811497957, 0.00103462988045, 0.00112327688839, 0.000750564911868, 0.000701216224115, 0.000529409211595, 0.000286723254248, 0.000559225911275, 0.000287319562631, 0.000449876300991, 0.000608151720371, 0.000344306405168, 0.000343460909789, 0.000242102090851, 0.000173118925886, 0.000176857749466, 0.000257294537732, 0.000232253281865, 0.000148925377289, 0.000312051270157, 0.000161454168847, 0.000125033067889, 0.000119905314932, 0.000153983797645, 0.000139118405059, 0.00012187629909, 0.000101044788607, 0.000106086175947, 0.000118978932733, 9.74400027189e-05, 8.92769967322e-05, 9.4740811619e-05, 6.60292280372e-05, 7.73908323026e-05, 8.53400415508e-05, 5.15766441822e-05, 3.97199000872e-05, 2.42624028033e-05, 2.44846669375e-05, 2.07056400541e-05, 2.2873200578e-05, 2.01549901249e-05, 2.62198809651e-05, 2.69371157628e-05, 2.46562085522e-05, 2.44354559982e-05, 2.43502290687e-05, 2.75532547676e-05, 2.06443964998e-05, 2.03922700166e-05, 1.60100971698e-05, 1.68538972503e-05, 1.7499218302e-05, 1.67250582308e-05, 1.83324791578e-05, 1.90309565369e-05, 2.17464585148e-05, 2.50591238e-05, 2.0929677703e-05, 2.27460732276e-05, 2.78050138149e-05, 3.09345268761e-05, 3.45826811099e-05, 3.37064448104e-05, 3.37506753567e-05, 3.78968870791e-05, 3.3498628909e-05, 3.27747475239e-05, 2.85504429485e-05, 2.13065904973e-05, 2.39273995248e-05, 2.03742893063e-05, 1.58326856763e-05, 1.30361431729e-05, 1.13921687444e-05, 1.2955289094e-05, 1.48124172483e-05, 1.43928809848e-05, 1.3741996554e-05, 8.44393525767e-06, 7.24058918422e-06, 6.8145404839e-06, 7.81415110396e-06, 9.01698786038e-06, 6.52360040476e-06, 6.20806758889e-06, 5.59425689062e-06, 2.71626395261e-05, 2.92226268357e-05, 4.20513788413e-06, 3.44383033735e-06, 3.08862354359e-06, 2.24268183047e-06, 1.66390191225e-06, 7.17075693046e-07, 5.22940069914e-07, 4.54823521068e-07, 4.60137982827e-07, 6.75966987274e-07, 3.74771701672e-07, 3.26224665059e-07, 2.59893454313e-07, 1.63159711519e-07, 1.73000831438e-08, 2.986162706e-11, 1.09148618962e-11]
    },
    "mfcc": {
        "mean": [-658.795776367, 111.102981567, 37.0773544312, 15.8153276443, 9.29997825623, 6.08120775223, -5.41145372391, 9.45596790314, 2.92625403404, 6.70728206635, 9.55398273468, 8.98210144043, 4.0629067421],
        "cov": [[12237.7246094, -1056.45581055, -630.542297363, -186.113922119, -387.131896973, 14.082201004, -98.3806838989, -29.6887702942, -7.41765975952, 35.8238677979, -39.7365074158, -162.407974243, -114.669441223], [-1056.45581055, 1822.84472656, -173.950912476, -229.309036255, 131.602218628, -69.4200363159, 55.4609298706, 64.665435791, -16.1278476715, -54.1243247986, 93.645362854, 24.4925136566, -9.41932010651], [-630.542297363, -173.950912476, 905.604003906, 235.602661133, 43.4336357117, 114.042167664, 86.5372695923, 65.2723770142, -23.1662940979, -40.4201927185, -27.1006317139, 29.3425521851, 31.2101802826], [-186.113922119, -229.309036255, 235.602661133, 537.30657959, 214.392456055, 17.0178852081, -59.1137657166, 38.8202133179, 41.2447242737, -9.30229187012, -85.4599304199, 25.8674850464, 34.2128448486], [-387.131896973, 131.602218628, 43.4336357117, 214.392456055, 441.964141846, 25.9508476257, -93.962020874, 12.0863876343, 56.3561325073, 31.5349903107, -20.3859596252, 34.0795021057, 6.76351356506], [14.082201004, -69.4200363159, 114.042167664, 17.0178852081, 25.9508476257, 265.145019531, 159.485549927, 20.0425872803, 39.6235656738, 85.7743530273, 54.4677085876, -16.3581943512, -46.895816803], [-98.3806838989, 55.4609298706, 86.5372695923, -59.1137657166, -93.962020874, 159.485549927, 409.253723145, 74.709487915, 41.3042488098, 59.4804382324, 104.07926178, -25.3609199524, -57.377986908], [-29.6887702942, 64.665435791, 65.2723770142, 38.8202133179, 12.0863876343, 20.0425872803, 74.709487915, 173.688613892, 38.005821228, -11.6635599136, 16.571105957, 9.69320392609, -7.06814956665], [-7.41765975952, -16.1278476715, -23.1662940979, 41.2447242737, 56.3561325073, 39.6235656738, 41.3042488098, 38.005821228, 155.295913696, 56.273235321, 1.05238449574, -3.23529553413, -11.148226738], [35.8238677979, -54.1243247986, -40.4201927185, -9.30229187012, 31.5349903107, 85.7743530273, 59.4804382324, -11.6635599136, 56.273235321, 192.652435303, 80.732711792, -1.94757843018, -27.4035301208], [-39.7365074158, 93.645362854, -27.1006317139, -85.4599304199, -20.3859596252, 54.4677085876, 104.07926178, 16.571105957, 1.05238449574, 80.732711792, 184.449035645, 27.3648509979, -31.2945137024], [-162.407974243, 24.4925136566, 29.3425521851, 25.8674850464, 34.0795021057, -16.3581943512, -25.3609199524, 9.69320392609, -3.23529553413, -1.94757843018, 27.3648509979, 113.209434509, 35.3100891113], [-114.669441223, -9.41932010651, 31.2101802826, 34.2128448486, 6.76351356506, -46.895816803, -57.377986908, -7.06814956665, -11.148226738, -27.4035301208, -31.2945137024, 35.3100891113, 106.665374756]],
        "icov": [[9.43259947235e-05, 5.58830797672e-05, 7.36655056244e-05, 1.55056227413e-07, 6.5153450123e-05, -4.57042879134e-05, 5.61162923987e-05, -5.79663610552e-05, 9.84730741038e-06, 1.34416131914e-05, -9.9970438896e-06, 7.89208061178e-05, 6.22785446467e-05], [5.58830797672e-05, 0.0007286426262, 0.000111520719656, 0.000415600341512, -0.000477903959109, 0.000219549096073, -0.000175324559677, -0.000283781409962, 8.99759397726e-05, 0.000355220749043, -0.00031263922574, 5.5097265431e-05, -3.71010210074e-05], [7.36655056244e-05, 0.000111520719656, 0.00152642896865, -0.000596759025939, 0.000108479820483, -0.000758732028771, -0.000215672640479, -0.000392345828004, 0.000519267807249, 0.000432076049037, 7.18433002476e-05, -0.000207011820748, -0.000393769034417], [1.55056227413e-07, 0.000415600341512, -0.000596759025939, 0.00314497598447, -0.00148544681724, 0.000178477290319, -8.43926245579e-05, -0.000580740277655, -0.000205669333809, -0.000154477238539, 0.00109924620483, -0.000317391502904, -0.000342098850524], [6.5153450123e-05, -0.000477903959109, 0.000108479820483, -0.00148544681724, 0.00365710025653, -0.000821072491817, 0.00120296271052, 3.27627712977e-05, -0.000899073842447, -0.000437415554188, -7.71535633248e-05, -0.000616485136561, 0.000504048832227], [-4.57042879134e-05, 0.000219549096073, -0.000758732028771, 0.000178477290319, -0.000821072491817, 0.0063314801082, -0.00209241919219, 0.000336972036166, -0.000208728975849, -0.00186781119555, 3.99089876737e-05, 0.000256321072811, 0.00129267771263], [5.61162923987e-05, -0.000175324559677, -0.000215672640479, -8.43926245579e-05, 0.00120296271052, -0.00209241919219, 0.00446703936905, -0.00124654907268, -0.000823182577733, 0.000242514011916, -0.00174331909511, 0.000836842809804, 0.000646903878078], [-5.79663610552e-05, -0.000283781409962, -0.000392345828004, -0.000580740277655, 3.27627712977e-05, 0.000336972036166, -0.00124654907268, 0.00726435147226, -0.00197161990218, 0.00139652786311, -0.000694154587109, -0.00061514711706, 0.000323285756167], [9.84730741038e-06, 8.99759397726e-05, 0.000519267807249, -0.000205669333809, -0.000899073842447, -0.000208728975849, -0.000823182577733, -0.00197161990218, 0.00864563882351, -0.00273973168805, 0.00171682506334, -0.000102314515971, 6.16514516878e-05], [1.34416131914e-05, 0.000355220749043, 0.000432076049037, -0.000154477238539, -0.000437415554188, -0.00186781119555, 0.000242514011916, 0.00139652786311, -0.00273973168805, 0.00869785342366, -0.0038330941461, 0.000658898265101, 4.00452472604e-06], [-9.9970438896e-06, -0.00031263922574, 7.18433002476e-05, 0.00109924620483, -7.71535633248e-05, 3.99089876737e-05, -0.00174331909511, -0.000694154587109, 0.00171682506334, -0.0038330941461, 0.009596189484, -0.00340527226217, 0.00176406698301], [7.89208061178e-05, 5.5097265431e-05, -0.000207011820748, -0.000317391502904, -0.000616485136561, 0.000256321072811, 0.000836842809804, -0.00061514711706, -0.000102314515971, 0.000658898265101, -0.00340527226217, 0.0115566672757, -0.00385289848782], [6.22785446467e-05, -3.71010210074e-05, -0.000393769034417, -0.000342098850524, 0.000504048832227, 0.00129267771263, 0.000646903878078, 0.000323285756167, 6.16514516878e-05, 4.00452472604e-06, 0.00176406698301, -0.00385289848782, 0.0123699912801]]
    },
    "spectral_contrast_coeffs": {
        "mean": [-0.732276201248, -0.696765005589, -0.750039517879, -0.773902356625, -0.783825039864, -0.794569671154],
        "stdev": [0.0776759237051, 0.0924674645066, 0.0800651833415, 0.0717081204057, 0.0573743693531, 0.0464632771909]
    },
    "spectral_contrast_valleys": {
        "mean": [-6.5960855484, -6.97693586349, -8.00026035309, -8.29259586334, -8.16707515717, -9.75323009491],
        "stdev": [1.19078743458, 1.23525643349, 1.29972577095, 1.32574129105, 1.31772768497, 1.37313044071]
    }
},
"rhythm": {
    "beats_count": 327,
    "beats_loudness": {
        "mean": 0.0638767182827,
        "stdev": 0.0382242612541
    },
    "bpm": 94.9941558838,
    "bpm_histogram_first_peak_bpm": 96,
    "bpm_histogram_first_peak_weight": 0.46273291111,
    "bpm_histogram_second_peak_bpm": 86,
    "bpm_histogram_second_peak_spread": 0.5,
    "bpm_histogram_second_peak_weight": 0.00613496918231,
    "danceability": 1.51715922356,
    "onset_rate": 4.09444332123,
    "beats_loudness_band_ratio": {
        "mean": [0.614223480225, 0.0718443840742, 0.139561206102, 0.0521060191095, 0.047844979912, 0.092515103519],
        "stdev": [0.256769269705, 0.0913348421454, 0.155695393682, 0.100487098098, 0.0667776912451, 0.10539200902]
    },
    "beats_position": [0.673378646374, 1.369977355, 2.04335594177, 2.71673464775, 3.41333317757, 4.06349182129, 4.71365070343, 5.35219955444, 5.99074840546, 6.6176867485, 7.24462556839, 7.87156438828, 8.498503685, 9.12544155121, 9.77560043335, 10.4025392532, 11.0294780731, 11.656416893, 12.2833557129, 12.9102945328, 13.5488433838, 14.1757822037, 14.8143310547, 15.4528799057, 16.0914287567, 16.7183666229, 17.3453063965, 17.9722442627, 18.5991840363, 19.2377319336, 19.8762817383, 20.5032196045, 21.1301574707, 21.7687072754, 22.4072551727, 23.0341949463, 23.6611328125, 24.2764625549, 24.9150104523, 25.553560257, 26.1921081543, 26.830657959, 27.4575958252, 28.0845336914, 28.711473465, 29.3500213623, 29.9769611359, 30.6155090332, 31.2540588379, 31.8809967041, 32.5079345703, 33.1348762512, 33.7618141174, 34.4003639221, 35.0389099121, 35.6658477783, 36.2927894592, 36.9313354492, 37.5698852539, 38.1968231201, 38.823764801, 39.4507026672, 40.0776405334, 40.7161903381, 41.3547401428, 41.981678009, 42.6086158752, 43.2355537415, 43.8624954224, 44.5010414124, 45.139591217, 45.7665290833, 46.3934669495, 47.0320167542, 47.6705665588, 48.297504425, 48.9244422913, 49.5397720337, 50.1783218384, 50.8284797668, 51.4554176331, 52.0823554993, 52.7092971802, 53.3362350464, 53.9631729126, 54.6017227173, 55.240272522, 55.8672103882, 56.5057601929, 57.1326980591, 57.7712478638, 58.39818573, 59.0251235962, 59.6520614624, 60.2906112671, 60.9291610718, 61.556098938, 62.1946487427, 62.8331947327, 63.4717445374, 64.1102905273, 64.7372360229, 65.3641738892, 65.9911117554, 66.6180496216, 67.2449874878, 67.871925354, 68.4988632202, 69.1258010864, 69.7527389526, 70.4029006958, 71.029838562, 71.6567764282, 72.2953262329, 72.9338760376, 73.5608139038, 74.18775177, 74.8146896362, 75.4532394409, 76.0917892456, 76.7187271118, 77.3572769165, 77.9958267212, 78.6227645874, 79.2497024536, 79.8650360107, 80.503578186, 81.1421279907, 81.7806777954, 82.4076156616, 83.0345535278, 83.661491394, 84.2884368896, 84.9153747559, 85.5655288696, 86.1924667358, 86.8194122314, 87.4579544067, 88.0965042114, 88.7234420776, 89.3503875732, 89.9889297485, 90.6042633057, 91.2428131104, 91.8813552856, 92.5083007812, 93.1352386475, 93.7505645752, 94.3891143799, 95.0276641846, 95.6662139893, 96.2931518555, 96.9200897217, 97.5586395264, 98.1971893311, 98.8241271973, 99.4510650635, 100.066390991, 100.704940796, 101.343490601, 101.982040405, 102.632194519, 103.259140015, 103.886077881, 104.513015747, 105.139953613, 105.766891479, 106.405441284, 107.043991089, 107.670928955, 108.297866821, 108.924804688, 109.551742554, 110.190292358, 110.828842163, 111.455780029, 112.082717896, 112.7212677, 113.359817505, 113.986755371, 114.613693237, 115.240631104, 115.86756897, 116.506118774, 117.144668579, 117.771606445, 118.398544312, 119.025482178, 119.664031982, 120.290969849, 120.929519653, 121.568069458, 122.206619263, 122.833557129, 123.460494995, 124.087432861, 124.725982666, 125.364532471, 125.991470337, 126.618408203, 127.245346069, 127.872291565, 128.51083374, 129.149383545, 129.776321411, 130.391647339, 131.030197144, 131.668746948, 132.307296753, 132.934234619, 133.561172485, 134.188110352, 134.815048218, 135.441986084, 136.092147827, 136.719085693, 137.357635498, 137.996185303, 138.623123169, 139.250061035, 139.876998901, 140.503936768, 141.130874634, 141.769424438, 142.407974243, 143.034912109, 143.661849976, 144.288803101, 144.915740967, 145.542678833, 146.192825317, 146.819763184, 147.458312988, 148.085250854, 148.723800659, 149.350738525, 149.97769165, 150.604629517, 151.243179321, 151.881713867, 152.508651733, 153.147201538, 153.785751343, 154.401092529, 155.016418457, 155.654968262, 156.293518066, 156.932067871, 157.570602417, 158.197555542, 158.824493408, 159.451431274, 160.078369141, 160.716918945, 161.35546875, 161.982406616, 162.609344482, 163.247894287, 163.886444092, 164.513381958, 165.140319824, 165.778869629, 166.405807495, 167.0443573, 167.671295166, 168.286621094, 168.901947021, 169.528884888, 170.155822754, 170.78276062, 171.421310425, 172.059860229, 172.686798096, 173.302124023, 173.940673828, 174.579223633, 175.217773438, 175.856323242, 176.494873047, 177.133422852, 177.771972656, 178.398910522, 179.025848389, 179.652786255, 180.279724121, 180.906661987, 181.545211792, 182.183761597, 182.810699463, 183.437637329, 184.076187134, 184.714736938, 185.341674805, 185.980224609, 186.618774414, 187.24571228, 187.872650146, 188.511199951, 189.149749756, 189.776687622, 190.403625488, 191.018951416, 191.657501221, 192.296051025, 192.93460083, 193.561538696, 194.188476562, 194.815414429, 195.442352295, 196.069290161, 196.707839966, 197.346389771, 197.973327637, 198.611877441, 199.250427246, 199.877365112, 200.504302979, 201.131240845, 201.769790649, 202.408340454, 203.03527832, 203.662216187, 204.300765991, 204.927703857, 205.554641724, 206.18157959, 206.820129395],
    "bpm_histogram": [0, 0, 0, 0, 0, 0, 0, 0, 0, 0, 0, 0, 0, 0, 0, 0, 0, 0, 0, 0, 0, 0, 0, 0, 0, 0, 0, 0, 0, 0, 0, 0, 0, 0, 0, 0, 0, 0, 0, 0, 0, 0, 0, 0, 0, 0, 0, 0, 0, 0, 0, 0, 0, 0, 0, 0, 0, 0, 0, 0, 0, 0, 0, 0, 0, 0, 0, 0, 0, 0, 0, 0, 0, 0, 0, 0, 0, 0, 0, 0, 0, 0, 0, 0, 0, 0, 0.00613496918231, 0, 0, 0.00613496918231, 0, 0, 0.0276073627174, 0, 0.389570564032, 0, 0.530674874783, 0, 0.0398772992194, 0, 0, 0, 0, 0, 0, 0, 0, 0, 0, 0, 0, 0, 0, 0, 0, 0, 0, 0, 0, 0, 0, 0, 0, 0, 0, 0, 0, 0, 0, 0, 0, 0, 0, 0, 0, 0, 0, 0, 0, 0, 0, 0, 0, 0, 0, 0, 0, 0, 0, 0, 0, 0, 0, 0, 0, 0, 0, 0, 0, 0, 0, 0, 0, 0, 0, 0, 0, 0, 0, 0, 0, 0, 0, 0, 0, 0, 0, 0, 0, 0, 0, 0, 0, 0, 0, 0, 0, 0, 0, 0, 0, 0, 0, 0, 0, 0, 0, 0, 0, 0, 0, 0, 0, 0, 0, 0, 0, 0, 0, 0, 0, 0, 0, 0, 0, 0, 0, 0, 0, 0, 0, 0, 0, 0, 0, 0, 0, 0, 0, 0, 0, 0, 0, 0, 0, 0, 0, 0, 0, 0, 0, 0, 0, 0, 0, 0, 0, 0, 0, 0]
},
"tonal": {
    "chords_changes_rate": 0.0613524392247,
    "chords_number_rate": 0.00179131212644,
    "chords_strength": {
        "mean": 0.532835364342,
        "stdev": 0.0872686803341
    },
    "hpcp_crest": {
        "mean": 13.9375343323,
        "stdev": 6.19440412521
    },
    "hpcp_entropy": {
        "mean": 1.87283694744,
        "stdev": 0.706933319569
    },
    "key_edma": {
        "strength": 0.742576599121,
        "key": "G",
        "scale": "major"
    },
    "key_krumhansl": {
        "strength": 0.737169265747,
        "key": "G",
        "scale": "major"
    },
    "key_temperley": {
        "strength": 0.723454833031,
        "key": "G",
        "scale": "major"
    },
    "tuning_diatonic_strength": 0.577693223953,
    "tuning_equal_tempered_deviation": 0.186942055821,
    "tuning_frequency": 434.193115234,
    "tuning_nontempered_energy_ratio": 0.949876785278,
    "hpcp": {
        "mean": [0.129389002919, 0.133687734604, 0.0772758051753, 0.053946133703, 0.0495578013361, 0.0588462427258, 0.155519470572, 0.198742732406, 0.116710178554, 0.0701101347804, 0.0613322481513, 0.0563350878656, 0.0594233609736, 0.0616038665175, 0.0661282688379, 0.208776727319, 0.266755580902, 0.159223407507, 0.125427171588, 0.115525692701, 0.0958090722561, 0.102794960141, 0.111301362514, 0.13962481916, 0.17524318397, 0.114776022732, 0.0666406676173, 0.112916588783, 0.126903921366, 0.10978090018, 0.177496418357, 0.196170479059, 0.114663235843, 0.0686695501208, 0.0624557472765, 0.0765005722642],
        "stdev": [0.242225423455, 0.250140577555, 0.171945005655, 0.153203815222, 0.150466188788, 0.158524423838, 0.258757680655, 0.320850521326, 0.210873544216, 0.168190836906, 0.152886226773, 0.143214315176, 0.152147531509, 0.156853169203, 0.15467825532, 0.270117431879, 0.330018103123, 0.255976229906, 0.264503777027, 0.258388966322, 0.216396540403, 0.208294972777, 0.228610083461, 0.229869842529, 0.301045686007, 0.212225466967, 0.167651742697, 0.220809519291, 0.236569151282, 0.217698425055, 0.305730313063, 0.34266102314, 0.227732092142, 0.179336220026, 0.168736487627, 0.18559461832]
    },
    "chords_histogram": [37.0353775024, 26.242723465, 9.91939067841, 0.0223914012313, 0.470219433308, 0.134348407388, 0.403045237064, 1.14196145535, 0, 0, 0, 0.223914012313, 0, 0.0447828024626, 0, 0.582176446915, 0, 1.18674433231, 0.447828024626, 16.7487678528, 1.52261531353, 0, 0.268696814775, 3.6050157547],
    "thpcp": [1, 0.596888780594, 0.470195114613, 0.433076947927, 0.359164267778, 0.385352611542, 0.417240977287, 0.523418545723, 0.656942903996, 0.430266618729, 0.249819204211, 0.423296064138, 0.47573107481, 0.411541163921, 0.665389716625, 0.735394120216, 0.429843813181, 0.257424980402, 0.234130993485, 0.286781519651, 0.48504704237, 0.501161932945, 0.289687693119, 0.202230572701, 0.185779809952, 0.220599859953, 0.583003640175, 0.745036840439, 0.437517285347, 0.262825369835, 0.229919269681, 0.211186170578, 0.222763329744, 0.230937495828, 0.247898355126, 0.782651782036],
    "chords_key": "G",
    "chords_scale": "major"
}
}