{
"metadata": {
    "version": {
        "essentia": "2.1-beta6-dev",
        "essentia_git_sha": "v2.1_beta5-1177-g1d1cc983",
        "extractor": "music 2.0"
    },
    "audio_properties": {
        "analysis": {
            "equal_loudness": 0,
            "length": 251.667602539,
            "sample_rate": 44100,
            "start_time": 0,
            "downmix": "mix"
        },
        "bit_rate": 1536000,
        "length": 251.667602539,
        "lossless": 1,
        "number_channels": 2,
        "replay_gain": -12.2839508057,
        "sample_rate": 48000,
        "codec": "pcm_s16le",
        "md5_encoded": "3e729e3826c65e3e88a3f7821660f51a"
    },
    "tags": {
        "file_name": "Lady Gaga-Die with a smile.wav",
        "album": ["Die With A Smile"],
        "artist": ["Lady Gaga", "Bruno Mars"],
        "audiosourcewebpage": [""],
        "composer": ["Interscope"],
        "copyright": ["© 2024 Interscope Records"],
        "date": ["2024-08-16"],
        "genre": ["art pop", "pop"],
        "isrc": ["USUM72409273"],
        "title": ["Die With A Smile"],
        "tracknumber": ["1\/1"]
    }
},
"lowlevel": {
    "average_loudness": 0.730834841728,
    "barkbands_crest": {
        "mean": 11.0923337936,
        "stdev": 5.06327199936
    },
    "barkbands_flatness_db": {
        "mean": 0.152078747749,
        "stdev": 0.06771787256
    },
    "barkbands_kurtosis": {
        "mean": 9.62561416626,
        "stdev": 207.577423096
    },
    "barkbands_skewness": {
        "mean": 1.31327319145,
        "stdev": 2.20306253433
    },
    "barkbands_spread": {
        "mean": 17.5038299561,
        "stdev": 11.5349588394
    },
    "dissonance": {
        "mean": 0.452379614115,
        "stdev": 0.0346119478345
    },
    "dynamic_complexity": 5.38787126541,
    "erbbands_crest": {
        "mean": 10.7451486588,
        "stdev": 4.99592256546
    },
    "erbbands_flatness_db": {
        "mean": 0.188688606024,
        "stdev": 0.058748755604
    },
    "erbbands_kurtosis": {
        "mean": 2.13898444176,
        "stdev": 4.22835159302
    },
    "erbbands_skewness": {
        "mean": 0.750387132168,
        "stdev": 0.826129794121
    },
    "erbbands_spread": {
        "mean": 26.0161705017,
        "stdev": 16.0056056976
    },
    "hfc": {
        "mean": 21.1287002563,
        "stdev": 21.4083690643
    },
    "loudness_ebu128": {
        "integrated": -10.8638877869,
        "loudness_range": 10.146944046,
        "momentary": {
            "mean": -15.1293802261,
            "stdev": 18.0871982574
        },
        "short_term": {
            "mean": -13.3508167267,
            "stdev": 6.45416307449
        }
    },
    "melbands_crest": {
        "mean": 13.7605295181,
        "stdev": 6.06160306931
    },
    "melbands_flatness_db": {
        "mean": 0.208194673061,
        "stdev": 0.0784236714244
    },
    "melbands_kurtosis": {
        "mean": 13.2470273972,
        "stdev": 308.917266846
    },
    "melbands_skewness": {
        "mean": 1.84222781658,
        "stdev": 2.28289794922
    },
    "melbands_spread": {
        "mean": 22.9076213837,
        "stdev": 17.3438873291
    },
    "pitch_salience": {
        "mean": 0.51948672533,
        "stdev": 0.126846298575
    },
    "silence_rate_20dB": {
        "mean": 1,
        "stdev": 0
    },
    "silence_rate_30dB": {
        "mean": 0.976752758026,
        "stdev": 0.150680392981
    },
    "silence_rate_60dB": {
        "mean": 0.177675276995,
        "stdev": 0.382242292166
    },
    "spectral_centroid": {
        "mean": 1242.43188477,
        "stdev": 871.884155273
    },
    "spectral_complexity": {
        "mean": 15.9772138596,
        "stdev": 10.2602243423
    },
    "spectral_decrease": {
        "mean": -6.36371755292e-09,
        "stdev": 7.09024972068e-09
    },
    "spectral_energy": {
        "mean": 0.0259345509112,
        "stdev": 0.0282052662224
    },
    "spectral_energyband_high": {
        "mean": 0.000636219570879,
        "stdev": 0.0011227541836
    },
    "spectral_energyband_low": {
        "mean": 0.00773331196979,
        "stdev": 0.0184545237571
    },
    "spectral_energyband_middle_high": {
        "mean": 0.00944261066616,
        "stdev": 0.0119574768469
    },
    "spectral_energyband_middle_low": {
        "mean": 0.00874128751457,
        "stdev": 0.0102424072102
    },
    "spectral_entropy": {
        "mean": 7.38510370255,
        "stdev": 0.569164454937
    },
    "spectral_flux": {
        "mean": 0.073393009603,
        "stdev": 0.0614877976477
    },
    "spectral_kurtosis": {
        "mean": 6.26239109039,
        "stdev": 4.33202028275
    },
    "spectral_rms": {
        "mean": 0.00433061830699,
        "stdev": 0.00255886279047
    },
    "spectral_rolloff": {
        "mean": 1461.60107422,
        "stdev": 1820.34558105
    },
    "spectral_skewness": {
        "mean": 1.8670604229,
        "stdev": 0.594223082066
    },
    "spectral_spread": {
        "mean": 4481106,
        "stdev": 3115619
    },
    "spectral_strongpeak": {
        "mean": 1.57015252113,
        "stdev": 1.87432861328
    },
    "zerocrossingrate": {
        "mean": 0.0587083883584,
        "stdev": 0.0477379970253
    },
    "barkbands": {
        "mean": [0.000153934699483, 0.00563180120662, 0.0014733952703, 0.00099407415837, 0.00171319197398, 0.000913803756703, 0.00122330232989, 0.00140704459045, 0.00218217051588, 0.00293917139061, 0.00133293727413, 0.00179947854485, 0.0013736016117, 0.000891951087397, 0.00035210151691, 0.000292371609248, 0.000196150533156, 0.000177090696525, 0.000141186450492, 0.000190200153156, 0.000116518996947, 0.000121458411741, 0.000107300620584, 9.79163305601e-05, 8.01134519861e-05, 2.66523875325e-05, 5.63931735087e-06],
        "stdev": [0.000447852013167, 0.0166447460651, 0.0026101344265, 0.00286561227404, 0.00366535014473, 0.00140163430478, 0.00263842358254, 0.00317165651359, 0.00505839148536, 0.00630595581606, 0.00448715826496, 0.00374497799203, 0.00296039320529, 0.00191266171169, 0.000829166732728, 0.00058347225422, 0.000316798395943, 0.000247865449637, 0.000215507141547, 0.000289800140308, 0.000210097146919, 0.000232332284213, 0.000215539534111, 0.000234523482504, 0.00036607432412, 8.88254071469e-05, 2.34680737776e-05]
    },
    "erbbands": {
        "mean": [0.149314150214, 1.28445637226, 1.95680510998, 2.63691115379, 4.36624097824, 5.45363998413, 7.43993091583, 8.22608470917, 16.3532066345, 20.293422699, 33.1487350464, 41.0743713379, 76.5939788818, 85.4169692993, 64.0927505493, 63.6693305969, 68.6466064453, 47.2906990051, 26.9642448425, 17.300737381, 17.1368522644, 11.1696586609, 9.79505825043, 8.52442169189, 7.59493923187, 9.30196094513, 5.66089916229, 4.02468109131, 4.31110477448, 3.95701861382, 2.94273233414, 1.89497292042, 1.70453691483, 1.09764266014, 0.450646102428, 0.168433055282, 0.0401228815317, 0.00810516811907, 0.000922427861951, 7.46235891711e-05],
        "stdev": [0.412399500608, 3.99113059044, 4.2859454155, 5.18273353577, 14.3619337082, 11.2517976761, 13.4217433929, 12.8029060364, 33.8870582581, 47.3188591003, 68.0448303223, 87.7306289673, 149.101913452, 191.841781616, 150.242004395, 117.568229675, 141.898925781, 105.184082031, 51.8966789246, 42.9752960205, 32.9502944946, 18.139541626, 13.5207262039, 11.886297226, 10.9937410355, 14.6137361526, 9.7419052124, 7.72217178345, 8.62210464478, 7.20862102509, 6.2068862915, 4.59702396393, 4.48011255264, 6.11571216583, 1.5885566473, 0.534229874611, 0.140211522579, 0.0309058409184, 0.00361487758346, 0.000185536788194]
    },
    "gfcc": {
        "mean": [-48.1293067932, 91.5618209839, -129.869384766, 6.20636224747, -62.3862266541, 14.1466083527, -32.4454231262, 10.0618696213, -22.9804382324, -1.39739072323, -15.5465078354, -4.48198604584, -11.2253799438],
        "cov": [[27327.9375, -1645.47814941, -1240.09155273, 560.969299316, -452.362640381, 1950.37145996, 228.561904907, 318.883270264, -711.426940918, 532.041381836, 134.554611206, 678.124023438, 43.8542404175], [-1645.47814941, 1634.57458496, -107.520217896, 103.769538879, 410.440368652, -302.793395996, 131.665771484, -1.05929374695, 164.242767334, -104.599014282, 43.6918869019, -135.225662231, 17.4448204041], [-1240.09155273, -107.520217896, 1428.05847168, 439.046600342, 227.469436646, 382.052886963, 80.2028427124, 134.12727356, 128.68737793, 114.497909546, -7.72063112259, 69.7359085083, -10.6143522263], [560.969299316, 103.769538879, 439.046600342, 491.885101318, 224.878051758, 228.756576538, 143.880935669, 70.9755554199, 91.5485229492, 62.0733184814, -7.89811038971, 24.6453437805, 12.8251266479], [-452.362640381, 410.440368652, 227.469436646, 224.878051758, 494.657714844, 114.848083496, 205.381546021, 68.7858505249, 102.622428894, 49.6845359802, -11.0719518661, 0.78881841898, 24.3846702576], [1950.37145996, -302.793395996, 382.052886963, 228.756576538, 114.848083496, 614.905151367, 222.495574951, 105.273193359, -6.66554307938, 139.877105713, 75.9833221436, 107.811973572, -6.05057096481], [228.561904907, 131.665771484, 80.2028427124, 143.880935669, 205.381546021, 222.495574951, 346.300415039, 66.3214492798, 52.819568634, 78.3188400269, 62.550037384, 36.2618904114, 2.38477039337], [318.883270264, -1.05929374695, 134.12727356, 70.9755554199, 68.7858505249, 105.273193359, 66.3214492798, 162.438781738, 57.5730171204, 48.2795562744, 25.9015388489, 24.255241394, 6.44000196457], [-711.426940918, 164.242767334, 128.68737793, 91.5485229492, 102.622428894, -6.66554307938, 52.819568634, 57.5730171204, 168.894271851, 39.2976646423, 10.9643335342, -16.4545001984, 4.39696121216], [532.041381836, -104.599014282, 114.497909546, 62.0733184814, 49.6845359802, 139.877105713, 78.3188400269, 48.2795562744, 39.2976646423, 153.020446777, 52.5758132935, 45.5851478577, -4.05803537369], [134.554611206, 43.6918869019, -7.72063112259, -7.89811038971, -11.0719518661, 75.9833221436, 62.550037384, 25.9015388489, 10.9643335342, 52.5758132935, 162.676437378, 38.8828430176, -8.41834640503], [678.124023438, -135.225662231, 69.7359085083, 24.6453437805, 0.78881841898, 107.811973572, 36.2618904114, 24.255241394, -16.4545001984, 45.5851478577, 38.8828430176, 120.667762756, 34.7573699951], [43.8542404175, 17.4448204041, -10.6143522263, 12.8251266479, 24.3846702576, -6.05057096481, 2.38477039337, 6.44000196457, 4.39696121216, -4.05803537369, -8.41834640503, 34.7573699951, 100.552955627]],
        "icov": [[0.000107755964564, -9.39848978305e-05, 0.000281047745375, -0.000277163140709, 0.00015437680122, -0.000416969211074, 0.000245005270699, -0.000247968593612, 0.000392284302507, -0.000319042941555, 0.000268615840469, -0.000415454938775, 0.000117937554023], [-9.39848978305e-05, 0.00134494435042, -0.000190949445823, 7.44723074604e-05, -0.00119670841377, 0.0010565809207, -0.000496580789331, 0.000325111264829, -0.00085933652008, 0.00125448487233, -0.00138265546411, 0.00122743844986, -0.000329088477883], [0.000281047745375, -0.000190949445823, 0.00190820044372, -0.00144758273382, 0.000143969547935, -0.0016201537801, 0.00128783204127, -0.000879563333001, 0.000422864977736, -0.000849193253089, 0.000887632661033, -0.0014799835626, 0.000723128847312], [-0.000277163140709, 7.44723074604e-05, -0.00144758273382, 0.00441074790433, -0.00104865268804, 0.000156515801791, -0.00100490613841, 0.000838535139337, -0.00193090888206, 0.000887999078259, -7.63815478422e-06, 0.00117061170749, -0.00065857428126], [0.00015437680122, -0.00119670841377, 0.000143969547935, -0.00104865268804, 0.00454416219145, -0.000842101639137, -0.00126748695038, -0.000686356390361, 0.000234048100538, -0.00141343171708, 0.00206534308381, -0.000820519111585, -0.000400144956075], [-0.000416969211074, 0.0010565809207, -0.0016201537801, 0.000156515801791, -0.000842101639137, 0.00559703214094, -0.00272596254945, 1.60785621119e-05, 8.28232732601e-05, 0.000271719385637, -0.00191485974938, 0.000781170092523, -1.08027443275e-05], [0.000245005270699, -0.000496580789331, 0.00128783204127, -0.00100490613841, -0.00126748695038, -0.00272596254945, 0.00613254215568, -0.000806971627753, 0.000283605157165, -0.00128493004013, -0.000373012095224, -0.00124588981271, 0.000628166773822], [-0.000247968593612, 0.000325111264829, -0.000879563333001, 0.000838535139337, -0.000686356390361, 1.60785621119e-05, -0.000806971627753, 0.00886104442179, -0.00343768717721, 0.0003143173235, -0.00105394155253, 0.00047680499847, -0.000619059195742], [0.000392284302507, -0.00085933652008, 0.000422864977736, -0.00193090888206, 0.000234048100538, 8.28232732601e-05, 0.000283605157165, -0.00343768717721, 0.0109670162201, -0.0038429920096, 0.000660638150293, 0.000321981613524, -0.00026005943073], [-0.000319042941555, 0.00125448487233, -0.000849193253089, 0.000887999078259, -0.00141343171708, 0.000271719385637, -0.00128493004013, 0.0003143173235, -0.0038429920096, 0.0118258809671, -0.00325184059329, -0.000531890196726, 0.000644976389594], [0.000268615840469, -0.00138265546411, 0.000887632661033, -7.63815478422e-06, 0.00206534308381, -0.00191485974938, -0.000373012095224, -0.00105394155253, 0.000660638150293, -0.00325184059329, 0.00969161465764, -0.00382956722751, 0.00165266392287], [-0.000415454938775, 0.00122743844986, -0.0014799835626, 0.00117061170749, -0.000820519111585, 0.000781170092523, -0.00124588981271, 0.00047680499847, 0.000321981613524, -0.000531890196726, -0.00382956722751, 0.0153344953433, -0.00574900722131], [0.000117937554023, -0.000329088477883, 0.000723128847312, -0.00065857428126, -0.000400144956075, -1.08027443275e-05, 0.000628166773822, -0.000619059195742, -0.00026005943073, 0.000644976389594, 0.00165266392287, -0.00574900722131, 0.0123951137066]]
    },
    "melbands": {
        "mean": [0.00149093358777, 0.00126106571406, 0.000511344638653, 0.000353924406227, 0.000261917302851, 0.000185542434338, 0.000246665149461, 0.000247560063144, 0.000263380497927, 0.000281730579445, 0.00040530244587, 0.000377117015887, 0.000221777780098, 0.000182640578714, 0.000192472769413, 0.000121457123896, 8.03726143204e-05, 4.74880653201e-05, 2.37283238675e-05, 1.96122437046e-05, 1.96575874725e-05, 1.12839616122e-05, 9.00432587514e-06, 9.41963116929e-06, 6.53749430057e-06, 5.43630130778e-06, 6.39867812424e-06, 5.89800629314e-06, 3.85981093132e-06, 2.4819785267e-06, 2.26572660722e-06, 2.43861131821e-06, 2.3510531264e-06, 2.15631462197e-06, 1.81717894066e-06, 1.27008911477e-06, 1.0833180113e-06, 1.14511635729e-06, 1.21619495985e-06, 8.28462646041e-07],
        "stdev": [0.00425423821434, 0.00318504171446, 0.00119558151346, 0.000912050832994, 0.000444133183919, 0.000279341795249, 0.000504305935465, 0.000546927796677, 0.000524018425494, 0.000651917944197, 0.000785824144259, 0.000858680112287, 0.000655205338262, 0.000436958565842, 0.000441278360086, 0.000247328920523, 0.000185398501344, 0.000101239464129, 5.71067539568e-05, 4.53741304227e-05, 3.87583095289e-05, 2.09343888855e-05, 1.38542263812e-05, 1.37380138767e-05, 9.9406879599e-06, 8.47550018079e-06, 1.07095584099e-05, 9.68376571109e-06, 7.20051275493e-06, 4.78817401017e-06, 4.54898690805e-06, 5.08293851453e-06, 4.61746640212e-06, 4.08392270401e-06, 3.85117664337e-06, 3.13301438837e-06, 2.7746343676e-06, 2.96238908959e-06, 4.50335846836e-06, 5.32828471478e-06]
    },
    "melbands128": {
        "mean": [0.000143762852531, 0.00100351148285, 0.00223798328079, 0.00210957182571, 0.00119007437024, 0.000681950361468, 0.000515737803653, 0.00050441082567, 0.000438512826804, 0.000358410790795, 0.000278175721178, 0.000310747534968, 0.000280647625914, 0.00016847527877, 0.000163872318808, 0.000194659514818, 0.000249253906077, 0.000291936041322, 0.000181084586075, 0.000210648198845, 0.00027277568006, 0.000395203067455, 0.000199555317522, 0.000221541777137, 0.000234890729189, 0.000275600585155, 0.000493611150887, 0.000234349994571, 0.000561644439586, 0.000553156307433, 0.000194335007109, 0.0002439799282, 0.000305237219436, 7.73385036155e-05, 0.000303201319184, 0.000147207101691, 0.000103264588688, 0.00024248889531, 0.000231156736845, 0.000119759883091, 6.16779652773e-05, 0.00017777501489, 7.59119720897e-05, 2.68751027761e-05, 8.44846654218e-05, 3.9823113184e-05, 2.89151448669e-05, 1.94067761186e-05, 2.32004858844e-05, 2.8742953873e-05, 1.34133561005e-05, 1.43562956509e-05, 3.31452356477e-05, 1.39193643918e-05, 9.76417322818e-06, 1.2890646758e-05, 9.44133262237e-06, 1.19924943647e-05, 7.3472024269e-06, 6.68571465212e-06, 1.19127798826e-05, 9.27065775613e-06, 5.81295125812e-06, 5.69493067815e-06, 8.00056204753e-06, 4.675765922e-06, 4.48268519904e-06, 5.68251789446e-06, 6.00175872023e-06, 9.02128340385e-06, 6.11237055637e-06, 4.62217076347e-06, 3.68444102605e-06, 4.58356817035e-06, 2.66778215519e-06, 2.5134563657e-06, 2.41946622737e-06, 2.1416542495e-06, 2.17931687985e-06, 2.44736133936e-06, 2.45277942668e-06, 2.37066410591e-06, 2.55370559898e-06, 2.32588263316e-06, 2.26491738431e-06, 2.16299122258e-06, 2.23955044021e-06, 1.83745737559e-06, 2.0376280645e-06, 1.56042892741e-06, 1.30977912249e-06, 1.14251429295e-06, 1.29947693495e-06, 1.01811508557e-06, 1.02164324289e-06, 1.04266291601e-06, 1.13851433525e-06, 1.32749323711e-06, 1.33097933031e-06, 1.06640879949e-06, 1.0714779819e-06, 7.48363902403e-07, 6.3308306153e-07, 4.93356083098e-07, 4.5822798711e-07, 4.82469715735e-07, 5.29323813225e-07, 3.5051937175e-07, 2.49314098255e-07, 2.15246558355e-07, 1.80283450391e-07, 1.47692745145e-07, 1.16054593491e-07, 8.97652085996e-08, 6.90390962177e-08, 6.6339403304e-08, 6.38811172848e-08, 5.05563662045e-08, 3.70196318045e-08, 2.59473242892e-08, 2.18237090621e-08, 1.67068598955e-08, 1.3044650693e-08, 1.12433999888e-08, 7.85203457809e-09, 9.31250576652e-10, 3.61064260088e-12, 3.23063169098e-12],
        "stdev": [0.000429105915828, 0.00283630681224, 0.00679947249591, 0.00690311565995, 0.00319240358658, 0.0010891109705, 0.000950285466388, 0.0017638837453, 0.00161282275803, 0.00103380135261, 0.000632201961707, 0.000612462230492, 0.000611719908193, 0.000362991151633, 0.0003094766289, 0.00040780933341, 0.000588574621361, 0.00075659918366, 0.000533304642886, 0.000761896313634, 0.000750111881644, 0.00099349883385, 0.000564508722164, 0.000630313821603, 0.000745857134461, 0.000956878706347, 0.00161442020908, 0.000744309742004, 0.00138154707383, 0.00167439342476, 0.000667983025778, 0.00090752687538, 0.0011697455775, 0.000270027725492, 0.000931636430323, 0.000421432167059, 0.00029574817745, 0.00082342751557, 0.000675333896652, 0.000373867282178, 0.000206750672078, 0.00052134541329, 0.000242026566411, 9.75547154667e-05, 0.000237655243836, 0.000112988542242, 9.18859659578e-05, 7.57915331633e-05, 8.02400536486e-05, 0.000113506896014, 3.67770044249e-05, 4.71063722216e-05, 8.25577662908e-05, 2.6798392355e-05, 2.25642706937e-05, 3.47697859979e-05, 1.89895254152e-05, 2.20227902901e-05, 1.57833674166e-05, 1.354518281e-05, 2.22609050979e-05, 1.6411917386e-05, 1.33665953399e-05, 1.16997944133e-05, 1.74031119968e-05, 9.65647905105e-06, 9.55467021413e-06, 1.28443743961e-05, 1.28401252368e-05, 2.16967564484e-05, 1.23163272292e-05, 1.01549831015e-05, 8.82074891706e-06, 1.07044088509e-05, 6.42791792416e-06, 5.65442815059e-06, 5.70339489059e-06, 5.0764047046e-06, 5.05440721099e-06, 5.19137211086e-06, 5.48217667529e-06, 5.77090486331e-06, 5.97394091528e-06, 5.100368071e-06, 4.78199990539e-06, 4.73767522635e-06, 5.09201026944e-06, 4.18089712184e-06, 4.61545641883e-06, 4.43636918135e-06, 3.58735383088e-06, 3.260105359e-06, 3.55687302545e-06, 2.88042519969e-06, 2.89973831968e-06, 3.20172603097e-06, 3.12610450237e-06, 3.90509285353e-06, 4.39229961557e-06, 5.95532401348e-06, 9.86589111562e-06, 4.79618529425e-06, 2.8615706924e-06, 2.24460541176e-06, 1.77259244083e-06, 1.54988504164e-06, 1.57217982633e-06, 1.21301150102e-06, 8.9529885372e-07, 7.92963419372e-07, 6.26538110282e-07, 5.47122340322e-07, 4.63306463416e-07, 3.52348081378e-07, 2.59776641087e-07, 2.54573905067e-07, 3.20690730859e-07, 2.52108804943e-07, 1.62004553772e-07, 1.14976884902e-07, 9.97126008428e-08, 7.60380274301e-08, 5.70621061513e-08, 5.2890282376e-08, 3.81746581013e-08, 4.85957096785e-09, 8.27064632059e-12, 6.53324313052e-12]
    },
    "mfcc": {
        "mean": [-683.442871094, 128.028030396, -12.8423948288, -0.730077385902, -6.79468917847, -2.13659763336, 0.777765393257, 4.36371088028, -0.7128226161, 3.1041765213, -0.00753850350156, -2.64036726952, -3.01365876198],
        "cov": [[16964.7519531, -861.745483398, 99.4521408081, -418.229919434, -232.271240234, 1055.43725586, 838.505310059, 442.339050293, 12.5414218903, 12.9497117996, 65.9070510864, 57.7706718445, 372.381744385], [-861.745483398, 1444.02050781, -345.040313721, 215.948471069, 152.578369141, -124.72504425, -4.75273084641, 20.4823074341, 40.0597000122, 19.8477630615, 38.5452690125, 28.4415473938, -24.467458725], [99.4521408081, -345.040313721, 965.01348877, 133.315002441, 210.414459229, 256.428833008, 106.717468262, 114.296707153, 67.3502883911, 70.623298645, 92.1321182251, 73.6428375244, 30.9446220398], [-418.229919434, 215.948471069, 133.315002441, 404.755340576, 188.103866577, 89.7267379761, 24.5659942627, 46.6237182617, 128.217102051, 40.5325431824, 33.5333824158, 49.785823822, 4.39288139343], [-232.271240234, 152.578369141, 210.414459229, 188.103866577, 315.539306641, 108.955482483, 46.0872650146, 67.6685256958, 106.029083252, 61.5615844727, 35.7284584045, 43.6893234253, 6.05837726593], [1055.43725586, -124.72504425, 256.428833008, 89.7267379761, 108.955482483, 445.166351318, 228.758377075, 137.911483765, 100.083274841, 85.4169921875, 91.2818222046, 43.5071144104, 56.7399711609], [838.505310059, -4.75273084641, 106.717468262, 24.5659942627, 46.0872650146, 228.758377075, 306.965454102, 131.835372925, 45.8577537537, 66.6802597046, 83.8847579956, 42.1623420715, 73.9018783569], [442.339050293, 20.4823074341, 114.296707153, 46.6237182617, 67.6685256958, 137.911483765, 131.835372925, 181.214416504, 64.2480621338, 54.4665908813, 50.8479614258, 26.135892868, 40.5936737061], [12.5414218903, 40.0597000122, 67.3502883911, 128.217102051, 106.029083252, 100.083274841, 45.8577537537, 64.2480621338, 201.822906494, 58.4734344482, 35.1758766174, 30.764755249, 0.198567613959], [12.9497117996, 19.8477630615, 70.623298645, 40.5325431824, 61.5615844727, 85.4169921875, 66.6802597046, 54.4665908813, 58.4734344482, 128.18963623, 60.4696426392, 37.5917892456, 28.5617446899], [65.9070510864, 38.5452690125, 92.1321182251, 33.5333824158, 35.7284584045, 91.2818222046, 83.8847579956, 50.8479614258, 35.1758766174, 60.4696426392, 143.656463623, 68.7692718506, 46.5392532349], [57.7706718445, 28.4415473938, 73.6428375244, 49.785823822, 43.6893234253, 43.5071144104, 42.1623420715, 26.135892868, 30.764755249, 37.5917892456, 68.7692718506, 131.504837036, 62.2633094788], [372.381744385, -24.467458725, 30.9446220398, 4.39288139343, 6.05837726593, 56.7399711609, 73.9018783569, 40.5936737061, 0.198567613959, 28.5617446899, 46.5392532349, 62.2633094788, 129.090744019]],
        "icov": [[8.41003129608e-05, 1.72887066583e-05, 3.32296840497e-05, 8.71754891705e-05, 5.04022173118e-05, -0.0001939273061, -9.44471321418e-05, -8.37293628138e-05, -9.11109600565e-06, 0.000119085147162, 0.000121560995467, -2.46723193413e-05, -0.000145242898725], [1.72887066583e-05, 0.00102870829869, 0.000554011552595, -0.00050782476319, -0.000634444120806, 0.000395518698497, -0.000229895696975, -0.000314910488669, 0.000316390709486, 4.73281615996e-05, -0.000526510120835, -0.000108527507109, 0.000347353838151], [3.32296840497e-05, 0.000554011552595, 0.0017202377785, -0.000259830005234, -0.00104389723856, -0.000557915249374, 0.000177918904228, -0.000575954851229, 0.000580735097174, 0.000135726528242, -0.000598675105721, -0.000453336106148, 0.00038266586489], [8.71754891705e-05, -0.00050782476319, -0.000259830005234, 0.00418805284426, -0.00136536813807, -0.000612426141743, 0.000267036899459, 0.000189972604858, -0.00171001104172, 0.000594883691519, 0.000363128056051, -0.000682948913891, -0.00023780707852], [5.04022173118e-05, -0.000634444120806, -0.00104389723856, -0.00136536813807, 0.00582752749324, -0.00051162217278, 0.000208865341847, -0.000489132246003, -0.00113787176087, -0.00109134160448, 0.00100968114566, -0.00054497004021, 0.000158736438607], [-0.0001939273061, 0.000395518698497, -0.000557915249374, -0.000612426141743, -0.00051162217278, 0.0052051381208, -0.00244060205296, -0.00041411924758, -0.000836085295305, -0.000705622544046, -0.00102677778341, 0.000668995373417, 0.000257450301433], [-9.44471321418e-05, -0.000229895696975, 0.000177918904228, 0.000267036899459, 0.000208865341847, -0.00244060205296, 0.00708321249112, -0.00264001521282, 0.000485611642944, -0.000520940986462, -0.00133916351479, 0.000356097967597, -0.00155920838006], [-8.37293628138e-05, -0.000314910488669, -0.000575954851229, 0.000189972604858, -0.000489132246003, -0.00041411924758, -0.00264001521282, 0.00956922769547, -0.00164496549405, -0.00101731217001, -0.000274429097772, 0.000943237391766, -0.00110774533823], [-9.11109600565e-06, 0.000316390709486, 0.000580735097174, -0.00171001104172, -0.00113787176087, -0.000836085295305, 0.000485611642944, -0.00164496549405, 0.00792322214693, -0.00190376595128, -0.000164315235452, -0.000876814883668, 0.00155656482093], [0.000119085147162, 4.73281615996e-05, 0.000135726528242, 0.000594883691519, -0.00109134160448, -0.000705622544046, -0.000520940986462, -0.00101731217001, -0.00190376595128, 0.0117668053135, -0.00295461900532, -0.000421397096943, -0.000739912153222], [0.000121560995467, -0.000526510120835, -0.000598675105721, 0.000363128056051, 0.00100968114566, -0.00102677778341, -0.00133916351479, -0.000274429097772, -0.000164315235452, -0.00295461900532, 0.0122668026015, -0.00446460349485, -0.000677468604408], [-2.46723193413e-05, -0.000108527507109, -0.000453336106148, -0.000682948913891, -0.00054497004021, 0.000668995373417, 0.000356097967597, 0.000943237391766, -0.000876814883668, -0.000421397096943, -0.00446460349485, 0.0128819961101, -0.00509555405006], [-0.000145242898725, 0.000347353838151, 0.00038266586489, -0.00023780707852, 0.000158736438607, 0.000257450301433, -0.00155920838006, -0.00110774533823, 0.00155656482093, -0.000739912153222, -0.000677468604408, -0.00509555405006, 0.0121312597767]]
    },
    "spectral_contrast_coeffs": {
        "mean": [-0.702304661274, -0.749081134796, -0.707188308239, -0.772526144981, -0.785313427448, -0.78168541193],
        "stdev": [0.0947580561042, 0.0716547444463, 0.0886196643114, 0.0604881085455, 0.0476096086204, 0.04616234079]
    },
    "spectral_contrast_valleys": {
        "mean": [-7.66634941101, -7.04080152512, -7.71474933624, -8.00350379944, -8.32465839386, -10.8578300476],
        "stdev": [2.07032871246, 1.8697193861, 2.03082346916, 1.93929767609, 1.97826623917, 2.01087594032]
    }
},
"rhythm": {
    "beats_count": 539,
    "beats_loudness": {
        "mean": 0.0340819731355,
        "stdev": 0.0310487747192
    },
    "bpm": 105.055831909,
    "bpm_histogram_first_peak_bpm": 105,
    "bpm_histogram_first_peak_weight": 0.239130437374,
    "bpm_histogram_second_peak_bpm": 157,
    "bpm_histogram_second_peak_spread": 0.327935278416,
    "bpm_histogram_second_peak_weight": 0.308550179005,
    "danceability": 1.04016268253,
    "onset_rate": 3.17862582207,
    "beats_loudness_band_ratio": {
        "mean": [0.28265196085, 0.137691065669, 0.250976383686, 0.2380091995, 0.0668843612075, 0.0502487532794],
        "stdev": [0.255304485559, 0.159858554602, 0.206178367138, 0.200933262706, 0.0605587512255, 0.0880467444658]
    },
    "beats_position": [0.592108845711, 1.18421769142, 1.77632653713, 2.36843538284, 2.97215414047, 3.5758728981, 4.1679816246, 4.74848079681, 5.31736946106, 5.89786815643, 6.46675729752, 7.03564596176, 7.60453510284, 8.18503379822, 8.75392246246, 9.32281208038, 9.89170074463, 10.47219944, 11.0410881042, 11.6099767685, 12.1904764175, 12.7593650818, 13.3166437149, 13.8855323792, 14.4544210434, 15.0233106613, 15.5921993256, 16.1610889435, 16.7299766541, 17.3104763031, 17.8793640137, 18.4598636627, 19.0287532806, 19.5860309601, 20.154920578, 20.7238082886, 21.3043079376, 21.8848075867, 22.4536952972, 23.0341949463, 23.614692688, 24.1255321503, 24.6363716125, 25.158821106, 25.681268692, 26.2153282166, 26.8074378967, 27.3995456696, 28.0032653809, 28.5953731537, 29.1874828339, 29.7795906067, 30.3717002869, 30.9638080597, 31.5326976776, 32.1248054504, 32.6936950684, 33.2509727478, 33.8198623657, 34.3887519836, 34.9576416016, 35.5265312195, 36.0954170227, 36.6643066406, 37.2331962585, 37.8020858765, 38.3825836182, 38.9514732361, 39.520362854, 40.0892524719, 40.6581382751, 41.2154197693, 41.7843093872, 42.3531951904, 42.9336967468, 43.50258255, 44.071472168, 44.6519737244, 45.2208595276, 45.7897491455, 46.3586387634, 46.9275283813, 47.4964179993, 48.0653038025, 48.6225852966, 49.2030830383, 49.7719726562, 50.3408622742, 50.9097480774, 51.4786376953, 52.0591392517, 52.6280250549, 53.1969146729, 53.7658042908, 54.3346939087, 54.8919715881, 55.4608612061, 56.029750824, 56.5986366272, 57.1675262451, 57.736415863, 58.305305481, 58.8858032227, 59.4663009644, 60.0351905823, 60.6040802002, 61.1729698181, 61.741859436, 62.310749054, 62.8796348572, 63.4485244751, 64.0174102783, 64.5863037109, 65.1551895142, 65.7240829468, 66.29296875, 66.8618545532, 67.4307479858, 67.9996337891, 68.5685272217, 69.1374130249, 69.7062988281, 70.2751922607, 70.844078064, 71.4129714966, 71.9818572998, 72.5507507324, 73.1196365356, 73.7001342773, 74.2690200806, 74.8379135132, 75.4067993164, 75.975692749, 76.5445785522, 77.1250762939, 77.6939697266, 78.2628555298, 78.831741333, 79.4006347656, 79.9695205688, 80.5384140015, 81.1072998047, 81.6761856079, 82.2450790405, 82.8023605347, 83.3828582764, 83.9517440796, 84.5206298828, 85.0895233154, 85.6584091187, 86.2273025513, 86.7961883545, 87.3650741577, 87.9339675903, 88.5028533936, 89.0717468262, 89.6406326294, 90.2095184326, 90.7784118652, 91.3472976685, 91.9161911011, 92.4850769043, 93.0539703369, 93.6344680786, 94.2033538818, 94.7838516235, 95.3527450562, 95.9216308594, 96.4905166626, 97.0594100952, 97.6282958984, 98.1971893311, 98.7660751343, 99.3349609375, 99.9038543701, 100.472740173, 101.041633606, 101.610519409, 102.179405212, 102.748298645, 103.317184448, 103.886077881, 104.466575623, 105.035461426, 105.604354858, 106.173240662, 106.742126465, 107.311019897, 107.879905701, 108.448799133, 109.017684937, 109.598182678, 110.155464172, 110.724349976, 111.293243408, 111.862129211, 112.431015015, 112.999908447, 113.56879425, 114.149291992, 114.718185425, 115.287071228, 115.855964661, 116.424850464, 116.982131958, 117.551017761, 118.119903564, 118.688796997, 119.2576828, 119.826576233, 120.395462036, 120.975959778, 121.54485321, 122.113739014, 122.682624817, 123.25151825, 123.820404053, 124.389297485, 124.958183289, 125.527069092, 126.095962524, 126.664848328, 127.23374176, 127.814239502, 128.383132935, 128.952011108, 129.520904541, 130.089797974, 130.658676147, 131.22756958, 131.796463013, 132.376953125, 132.934234619, 133.491516113, 134.060409546, 134.62928772, 135.209793091, 135.790298462, 136.382400513, 136.788757324, 137.206710815, 137.624664307, 138.042633057, 138.437362671, 138.820495605, 139.20362854, 139.575149536, 139.958267212, 140.341400146, 140.724533081, 141.107666016, 141.490783691, 141.873916626, 142.245437622, 142.616958618, 143.011703491, 143.394821167, 143.777954102, 144.149475098, 144.520996094, 144.89251709, 145.275650024, 145.6587677, 146.041900635, 146.425033569, 146.796554565, 147.168075562, 147.551193237, 147.934326172, 148.329071045, 148.700592041, 149.083709717, 149.466842651, 149.849975586, 150.233108521, 150.604629517, 150.987747192, 151.370880127, 151.742401123, 152.125534058, 152.508651733, 152.880172729, 153.263305664, 153.646438599, 154.017959595, 154.401092529, 154.784210205, 155.16734314, 155.538864136, 155.92199707, 156.293518066, 156.676635742, 157.059768677, 157.442901611, 157.826034546, 158.197555542, 158.580673218, 158.963806152, 159.335327148, 159.718460083, 160.101577759, 160.473098755, 160.844619751, 161.216140747, 161.587661743, 161.959182739, 162.342315674, 162.72543335, 163.120178223, 163.503311157, 163.898040771, 164.281173706, 164.675918579, 165.105484009, 165.535049438, 165.964630127, 166.394195557, 166.835372925, 167.264938354, 167.694503784, 168.089248657, 168.472381592, 168.855514526, 169.227020264, 169.59854126, 169.970062256, 170.341583252, 170.713104248, 171.096237183, 171.479354858, 171.862487793, 172.245620728, 172.628753662, 173.000274658, 173.383392334, 173.766525269, 174.149658203, 174.521179199, 174.892700195, 175.275817871, 175.658950806, 176.04208374, 176.425216675, 176.796737671, 177.179855347, 177.562988281, 177.934509277, 178.317642212, 178.700775146, 179.072280884, 179.455413818, 179.838546753, 180.221679688, 180.604797363, 180.976318359, 181.347839355, 181.73097229, 182.114105225, 182.485626221, 182.868743896, 183.251876831, 183.623397827, 184.006530762, 184.389663696, 184.772781372, 185.155914307, 185.527435303, 185.910568237, 186.293685913, 186.676818848, 187.059951782, 187.431472778, 187.814605713, 188.197723389, 188.569244385, 188.940765381, 189.335510254, 189.730239868, 190.101760864, 190.47328186, 190.856414795, 191.239547729, 191.611068726, 191.994186401, 192.377319336, 192.748840332, 193.131973267, 193.515090942, 193.886611938, 194.269744873, 194.652877808, 195.024398804, 195.3959198, 195.767440796, 196.150558472, 196.533691406, 196.916824341, 197.299957275, 197.671463013, 198.054595947, 198.437728882, 198.820861816, 199.203994751, 199.587112427, 199.970245361, 200.353378296, 200.73651123, 201.119628906, 201.491149902, 201.874282837, 202.245803833, 202.617324829, 203.000442505, 203.383575439, 203.766708374, 204.149841309, 204.532974243, 204.916091919, 205.287612915, 205.659133911, 206.030654907, 206.413787842, 206.796905518, 207.180038452, 207.563171387, 207.946304321, 208.317825317, 208.700942993, 209.072463989, 209.455596924, 209.838729858, 210.210250854, 210.59336853, 210.976501465, 211.359634399, 211.754379272, 212.137496948, 212.509017944, 212.88053894, 213.252059937, 213.64680481, 214.029922485, 214.41305542, 214.784576416, 215.156097412, 215.527618408, 215.910751343, 216.293869019, 216.688613892, 217.060134888, 217.431655884, 217.81477356, 218.197906494, 218.56942749, 218.940948486, 219.324081421, 219.707214355, 220.078720093, 220.461853027, 220.844985962, 221.228118896, 221.611236572, 221.994369507, 222.354278564, 222.737411499, 223.108932495, 223.49206543, 223.875183105, 224.25831604, 224.629837036, 225.012969971, 225.396102905, 225.779220581, 226.150741577, 226.533874512, 226.905395508, 227.288528442, 227.671646118, 228.066390991, 228.449523926, 228.821044922, 229.192550659, 229.575683594, 229.958816528, 230.341949463, 230.725082397, 231.108200073, 231.479721069, 231.851242065, 232.234375, 232.617507935, 233.00062561, 233.383758545, 233.755279541, 234.126800537, 234.498321533, 234.881454468, 235.264572144, 235.63609314, 236.019226074, 236.39074707, 236.773880005, 237.156997681, 237.540130615, 237.92326355, 238.306396484, 238.68951416, 239.072647095, 239.455780029, 239.850509644, 240.233642578, 240.605163574, 240.97668457, 241.359817505, 241.754547119, 242.137680054, 242.474365234, 242.811065674, 243.147750854, 243.484436035, 243.879180908, 244.273925781, 244.668655396, 245.05178833, 245.411697388, 245.771606445, 246.131515503, 246.503036499, 246.92098999, 247.327346802, 247.745300293, 248.163253784, 248.557998657, 248.95274353, 249.347473145, 249.742218018, 250.136962891, 250.531692505, 250.99609375],
    "bpm_histogram": [0, 0, 0, 0, 0, 0, 0, 0, 0, 0, 0, 0, 0, 0, 0, 0, 0, 0, 0, 0, 0, 0, 0, 0, 0, 0, 0, 0, 0, 0, 0, 0, 0, 0, 0, 0, 0, 0, 0, 0, 0, 0, 0, 0, 0, 0, 0, 0, 0, 0, 0, 0, 0, 0, 0, 0, 0, 0, 0, 0, 0, 0, 0, 0, 0, 0, 0, 0, 0, 0, 0, 0, 0, 0, 0, 0, 0, 0, 0, 0, 0, 0, 0, 0, 0, 0, 0, 0, 0, 0, 0, 0, 0, 0, 0, 0, 0, 0, 0, 0.00557620823383, 0, 0.0241635683924, 0, 0.057620819658, 0, 0.325278818607, 0, 0, 0.0204460974783, 0, 0, 0, 0.00185873603914, 0, 0, 0.00371747207828, 0, 0.00371747207828, 0, 0, 0, 0, 0, 0, 0, 0, 0, 0, 0, 0.00185873603914, 0, 0, 0, 0, 0, 0, 0.00185873603914, 0, 0, 0, 0.0111524164677, 0, 0, 0, 0.0111524164677, 0, 0, 0, 0.00371747207828, 0, 0, 0, 0.0446096658707, 0, 0, 0, 0, 0.308550179005, 0, 0, 0, 0.150557622313, 0.00929368007928, 0, 0, 0, 0, 0.00743494415656, 0, 0, 0, 0, 0, 0, 0, 0, 0, 0, 0.00743494415656, 0, 0, 0, 0, 0, 0, 0, 0, 0, 0, 0, 0, 0, 0, 0, 0, 0, 0, 0, 0, 0, 0, 0, 0, 0, 0, 0, 0, 0, 0, 0, 0, 0, 0, 0, 0, 0, 0, 0, 0, 0, 0, 0, 0, 0, 0, 0, 0, 0, 0, 0, 0, 0, 0, 0, 0, 0, 0, 0, 0, 0, 0, 0, 0, 0, 0, 0, 0, 0, 0, 0]
},
"tonal": {
    "chords_changes_rate": 0.0427965335548,
    "chords_number_rate": 0.00184467807412,
    "chords_strength": {
        "mean": 0.528761565685,
        "stdev": 0.106227636337
    },
    "hpcp_crest": {
        "mean": 14.9700431824,
        "stdev": 7.08229351044
    },
    "hpcp_entropy": {
        "mean": 1.75616884232,
        "stdev": 0.684777736664
    },
    "key_edma": {
        "strength": 0.687550842762,
        "key": "A",
        "scale": "major"
    },
    "key_krumhansl": {
        "strength": 0.697248637676,
        "key": "A",
        "scale": "major"
    },
    "key_temperley": {
        "strength": 0.708123028278,
        "key": "A",
        "scale": "major"
    },
    "tuning_diatonic_strength": 0.532383680344,
    "tuning_equal_tempered_deviation": 0.0108886808157,
    "tuning_frequency": 441.017791748,
    "tuning_nontempered_energy_ratio": 0.649390399456,
    "hpcp": {
        "mean": [0.257151991129, 0.12262480706, 0.0396964140236, 0.0328984484076, 0.040569446981, 0.126935347915, 0.200423419476, 0.127026855946, 0.0486856810749, 0.038820464164, 0.0465580560267, 0.20182980597, 0.349287986755, 0.205084875226, 0.0893108099699, 0.150241583586, 0.114198125899, 0.0789118260145, 0.119803130627, 0.0857057124376, 0.122288785875, 0.206788524985, 0.12626542151, 0.0538507290184, 0.0557826757431, 0.0512236617506, 0.153367847204, 0.239551857114, 0.144133001566, 0.0481690615416, 0.0344058908522, 0.0395413413644, 0.14912442863, 0.239907458425, 0.159610882401, 0.201551437378],
        "stdev": [0.34442833066, 0.199021443725, 0.126943469048, 0.109235137701, 0.124530062079, 0.210877329111, 0.297736078501, 0.218704417348, 0.13972273469, 0.124119721353, 0.135094419122, 0.253698855639, 0.372496157885, 0.252852529287, 0.175701022148, 0.276800721884, 0.233581140637, 0.15908831358, 0.235404163599, 0.172749608755, 0.18421895802, 0.279323875904, 0.202833384275, 0.14103487134, 0.15071567893, 0.136044487357, 0.228102624416, 0.315549403429, 0.222157791257, 0.126920744777, 0.112665697932, 0.116978235543, 0.234890773892, 0.325993955135, 0.232373744249, 0.283876270056]
    },
    "chords_histogram": [17.8749313354, 17.7826976776, 7.06511735916, 4.26120662689, 1.18059396744, 0, 1.49418926239, 0, 1.78933775425, 0.0922339037061, 0, 0, 0, 0, 0, 0.258254945278, 0, 0.166021034122, 0, 0, 0, 11.0311746597, 7.56318044662, 29.4410629272],
    "thpcp": [1, 0.587151229382, 0.255693912506, 0.430136710405, 0.326945483685, 0.225921958685, 0.342992424965, 0.245372638106, 0.350108772516, 0.592028737068, 0.361493736506, 0.154172867537, 0.159703969955, 0.146651655436, 0.439087092876, 0.685829102993, 0.412648022175, 0.137906432152, 0.098502933979, 0.113205559552, 0.426938325167, 0.686847150326, 0.456960707903, 0.57703512907, 0.736217677593, 0.351070791483, 0.113649524748, 0.0941871777177, 0.116148993373, 0.363411724567, 0.573805630207, 0.363673716784, 0.139385506511, 0.111141711473, 0.133294180036, 0.577832102776],
    "chords_key": "F#",
    "chords_scale": "minor"
}
}